P0;;33.033;31.666;0.5
P1;;18.633997427;31.141362557;0.5
P2;;18.373678233;31.181662045;0.2
P3;;18.146172749;31.314445251;0.2
P4;;17.98305423;31.521284498;0.2
P5;;17.906960305;31.773474585;0.2
P6;;17.928451306;32.03601651;0.2
P7;;20.680547736;33.598497024;0.5
P8;;23.43264416;35.160977577;0.5
P9;;26.184740584;36.72345813;0.5
P10;;28.936837008;38.285938684;0.5
P11;;31.731137153;39.96226723;0.2
P12;;31.792195564;40.067216683;0.2
P13;;31.870308366;40.160173165;0.2
P14;;31.963172401;40.238395849;0.2
P15;;32.068049569;40.299578338;0.2
P16;;34.728469545;39.348731868;0.5
P17;;37.388889538;38.397885404;0.5
P18;;40.049309531;37.447038941;0.5
P19;;42.709729525;36.496192477;0.5
P20;;45.571386456;35.606047082;0.2
P21;;45.781575925;35.604911656;0.2
P22;;45.98214527;35.542040041;0.2
P23;;46.155371824;35.422987686;0.2
P24;;46.285948978;35.258274271;0.2
P25;;45.766418775;33.338367395;0.5
P26;;45.24688864;31.418460487;0.5
P27;;44.727358505;29.498553579;0.5
P28;;44.20782837;27.57864667;0.5
P29;;43.755726505;25.498232319;0.2
P30;;43.781893479;25.326114679;0.2
P31;;43.765212941;25.15282027;0.2
P32;;43.706696037;24.988853919;0.2
P33;;43.609889967;24.844154999;0.2
P34;;40.36806378;24.609189006;0.5
P35;;37.126237585;24.374222956;0.5
P36;;33.884411389;24.139256905;0.5
P37;;30.642585193;23.904290855;0.5
P38;;27.31763167;23.587850955;0.2
P39;;27.222264711;23.521118044;0.2
P40;;27.117242197;23.470934282;0.2
P41;;27.005409847;23.438659464;0.2
P42;;26.889797902;23.425168116;0.2
P43;;25.238637761;24.968407002;0.5
P44;;23.587477677;26.51164589;0.5
P45;;21.936317594;28.054884779;0.5
P46;;20.28515751;29.598123668;0.5
P47;;18.542066141;30.898339372;0.2
P48;;18.500191867;31.039976208;0.2
P49;;18.506588361;31.195368105;0.2
P50;;18.536233761;31.350633141;0.2
P51;;18.574730308;31.493423907;0.2
P52;;18.611041784;31.611430089;0.2
P53;;21.088607258;33.485191583;0.5
P54;;23.745820888;34.993803196;0.5
P55;;26.403034518;36.502414808;0.5
P56;;29.060248149;38.01102642;0.5
P57;;31.759665501;39.633486026;0.2
P58;;31.820723912;39.73843548;0.2
P59;;31.898836715;39.831391962;0.2
P60;;31.99170075;39.909614646;0.2
P61;;32.096577918;39.970797135;0.2
P62;;34.678894258;39.047865262;0.5
P63;;37.261210614;38.124933395;0.5
P64;;39.843526971;37.202001529;0.5
P65;;42.425843327;36.279069662;0.5
P66;;45.209396621;35.416838863;0.2
P67;;45.419586091;35.415703436;0.2
P68;;45.620155436;35.352831821;0.2
P69;;45.793381989;35.233779465;0.2
P70;;45.923959143;35.06906605;0.2
P71;;45.430029809;33.243766378;0.5
P72;;44.936100543;31.418466673;0.5
P73;;44.442171278;29.593166969;0.5
P74;;43.948242012;27.767867265;0.5
P75;;43.521741016;25.782060118;0.2
P76;;43.547907989;25.609942478;0.2
P77;;43.53122745;25.43664807;0.2
P78;;43.472710546;25.272681719;0.2
P79;;43.375904477;25.1279828;0.2
P80;;40.202689327;24.897989703;0.5
P81;;37.029474168;24.667996549;0.5
P82;;33.85625901;24.438003394;0.5
P83;;30.683043851;24.20801024;0.5
P84;;27.426701364;23.896543236;0.2
P85;;27.331334406;23.829810325;0.2
P86;;27.226311892;23.779626563;0.2
P87;;27.114479542;23.747351745;0.2
P88;;26.998867597;23.733860397;0.2
P89;;25.42648198;25.203473526;0.5
P90;;23.85409642;26.673086659;0.5
P91;;22.281710861;28.142699791;0.5
P92;;20.709325301;29.612312924;0.5
P93;;19.045011454;30.838903825;0.2
P94;;19.003135284;30.980540648;0.2
P95;;19.009531777;31.13593254;0.2
P96;;19.039175335;31.291197532;0.2
P97;;19.077673944;31.433988248;0.2
P98;;19.113985581;31.551994352;0.2
P99;;21.496666779;33.371886142;0.5
P100;;24.058997616;34.826628814;0.5
P101;;26.621328453;36.281371485;0.5
P102;;29.18365929;37.736114157;0.5
P103;;31.788193849;39.304704822;0.2
P104;;31.84925226;39.409654276;0.2
P105;;31.927365063;39.502610758;0.2
P106;;32.020229099;39.580833443;0.2
P107;;32.125106267;39.642015932;0.2
P108;;34.62931897;38.746998655;0.5
P109;;37.133531689;37.851981386;0.5
P110;;39.637744409;36.956964116;0.5
P111;;42.141957128;36.061946847;0.5
P112;;44.847406786;35.227630644;0.2
P113;;45.057596255;35.226495217;0.2
P114;;45.2581656;35.163623601;0.2
P115;;45.431392153;35.044571245;0.2
P116;;45.561969306;34.879857829;0.2
P117;;45.093640842;33.149165361;0.5
P118;;44.625312446;31.418472861;0.5
P119;;44.156984049;29.687780361;0.5
P120;;43.688655653;27.957087861;0.5
P121;;43.287755526;26.065887918;0.2
P122;;43.313922499;25.893770279;0.2
P123;;43.29724196;25.720475871;0.2
P124;;43.238725056;25.55650952;0.2
P125;;43.141918986;25.411810601;0.2
P126;;40.037314874;25.186790401;0.5
P127;;36.932710752;24.961770142;0.5
P128;;33.82810663;24.736749883;0.5
P129;;30.723502509;24.511729624;0.5
P130;;27.535771059;24.205235517;0.2
P131;;27.4404041;24.138502605;0.2
P132;;27.335381587;24.088318844;0.2
P133;;27.223549237;24.056044026;0.2
P134;;27.107937292;24.042552678;0.2
P135;;25.614326199;25.438540051;0.5
P136;;24.120715163;26.834527427;0.5
P137;;22.627104128;28.230514804;0.5
P138;;21.133493092;29.62650218;0.5
P139;;19.54795286;30.779466325;0.2
P140;;19.506076632;30.921103161;0.2
P141;;19.512473127;31.076495058;0.2
P142;;19.542118582;31.231760073;0.2
P143;;19.580615074;31.374550861;0.2
P144;;19.61692655;31.492557042;0.2
P145;;21.904726301;33.258580701;0.5
P146;;24.372174344;34.659454432;0.5
P147;;26.839622387;36.060328163;0.5
P148;;29.30707043;37.461201893;0.5
P149;;31.816722196;38.975923618;0.2
P150;;31.877780608;39.080873072;0.2
P151;;31.955893411;39.173829554;0.2
P152;;32.048757447;39.252052239;0.2
P153;;32.153634616;39.313234728;0.2
P154;;34.579743682;38.446132048;0.5
P155;;37.005852764;37.579029376;0.5
P156;;39.431961846;36.711926704;0.5
P157;;41.858070929;35.844824032;0.5
P158;;44.48541695;35.038422426;0.2
P159;;44.695606419;35.037286998;0.2
P160;;44.896175764;34.974415381;0.2
P161;;45.069402317;34.855363025;0.2
P162;;45.19997947;34.690649609;0.2
P163;;44.757251875;33.054564345;0.5
P164;;44.314524348;31.418479049;0.5
P165;;43.871796821;29.782393753;0.5
P166;;43.429069295;28.146308456;0.5
P167;;43.053770036;26.349715718;0.2
P168;;43.079937009;26.177598079;0.2
P169;;43.06325647;26.004303671;0.2
P170;;43.004739566;25.840337321;0.2
P171;;42.907933497;25.695638403;0.2
P172;;39.871940421;25.475591098;0.5
P173;;36.835947336;25.255543735;0.5
P174;;33.799954251;25.035496372;0.5
P175;;30.763961167;24.815449009;0.5
P176;;27.644840754;24.513927798;0.2
P177;;27.549473795;24.447194886;0.2
P178;;27.444451281;24.397011125;0.2
P179;;27.332618932;24.364736306;0.2
P180;;27.217006987;24.351244958;0.2
P181;;25.802170417;25.673606575;0.5
P182;;24.387333906;26.995968196;0.5
P183;;22.972497395;28.318329816;0.5
P184;;21.557660883;29.640691436;0.5
P185;;20.050894266;30.720030779;0.2
P186;;20.009020049;30.861667601;0.2
P187;;20.015416543;31.017059493;0.2
P188;;20.0450601;31.172324485;0.2
P189;;20.083558654;31.315115224;0.2
P190;;20.119870346;31.433121305;0.2
P191;;22.312785822;33.14527526;0.5
P192;;24.685351072;34.49228005;0.5
P193;;27.057916321;35.83928484;0.5
P194;;29.430481571;37.186289629;0.5
P195;;31.845250543;38.647142414;0.2
P196;;31.906308955;38.752091868;0.2
P197;;31.984421758;38.84504835;0.2
P198;;32.077285795;38.923271035;0.2
P199;;32.182162964;38.984453524;0.2
P200;;34.530168393;38.145265442;0.5
P201;;36.878173838;37.306077367;0.5
P202;;39.226179284;36.466889292;0.5
P203;;41.574184729;35.627701217;0.5
P204;;44.123427113;34.849214208;0.2
P205;;44.333616583;34.84807878;0.2
P206;;44.534185927;34.785207163;0.2
P207;;44.70741248;34.666154806;0.2
P208;;44.837989632;34.50144139;0.2
P209;;44.420862907;32.959963329;0.5
P210;;44.00373625;31.418485237;0.5
P211;;43.586609593;29.877007145;0.5
P212;;43.169482937;28.335529052;0.5
P213;;42.819784547;26.633543518;0.2
P214;;42.84595152;26.461425879;0.2
P215;;42.829270981;26.288131472;0.2
P216;;42.770754077;26.124165122;0.2
P217;;42.673948007;25.979466204;0.2
P218;;39.706565969;25.764391795;0.5
P219;;36.739183921;25.549317328;0.5
P220;;33.771801873;25.334242861;0.5
P221;;30.804419825;25.119168394;0.5
P222;;27.753910449;24.822620078;0.2
P223;;27.65854349;24.755887167;0.2
P224;;27.553520976;24.705703405;0.2
P225;;27.441688627;24.673428587;0.2
P226;;27.326076682;24.659937239;0.2
P227;;25.990014636;25.9086731;0.5
P228;;24.653952649;27.157408964;0.5
P229;;23.317890661;28.406144828;0.5
P230;;21.981828674;29.654880692;0.5
P231;;20.553835672;30.660593279;0.2
P232;;20.511961398;30.802230115;0.2
P233;;20.518357892;30.957622011;0.2
P234;;20.548003348;31.112887026;0.2
P235;;20.586499839;31.255677814;0.2
P236;;20.622811315;31.373683995;0.2
P237;;22.720845343;33.031969819;0.5
P238;;24.998527799;34.325105668;0.5
P239;;27.276210255;35.618241517;0.5
P240;;29.553892711;36.911377366;0.5
P241;;31.87377889;38.318361209;0.2
P242;;31.934837302;38.423310664;0.2
P243;;32.012950105;38.516267146;0.2
P244;;32.105814142;38.594489831;0.2
P245;;32.210691312;38.65567232;0.2
P246;;34.480593104;37.844398835;0.5
P247;;36.750494912;37.033125358;0.5
P248;;39.02039672;36.221851881;0.5
P249;;41.290298529;35.410578403;0.5
P250;;43.761437276;34.660005991;0.2
P251;;43.971626746;34.658870563;0.2
P252;;44.17219609;34.595998945;0.2
P253;;44.345422643;34.476946588;0.2
P254;;44.475999795;34.312233171;0.2
P255;;44.08447394;32.865362315;0.5
P256;;43.692948153;31.418491426;0.5
P257;;43.301422366;29.971620537;0.5
P258;;42.909896579;28.524749648;0.5
P259;;42.585799059;26.917371318;0.2
P260;;42.611966032;26.745253679;0.2
P261;;42.595285492;26.571959273;0.2
P262;;42.536768588;26.407992923;0.2
P263;;42.439962519;26.263294005;0.2
P264;;39.541191517;26.053192492;0.5
P265;;36.642420506;25.843090921;0.5
P266;;33.743649494;25.63298935;0.5
P267;;30.844878483;25.422887779;0.5
P268;;27.862980144;25.131312359;0.2
P269;;27.767613185;25.064579448;0.2
P270;;27.662590671;25.014395686;0.2
P271;;27.550758322;24.982120868;0.2
P272;;27.435146376;24.96862952;0.2
P273;;26.177858855;26.143739625;0.5
P274;;24.920571392;27.318849732;0.5
P275;;23.663283928;28.49395984;0.5
P276;;22.405996465;29.669069948;0.5
P277;;21.061430624;30.620510666;0.2
P278;;21.026126797;30.773989411;0.2
P279;;21.036074577;30.944288999;0.2
P280;;21.067801356;31.11587327;0.2
P281;;21.107564202;31.274405359;0.2
P282;;21.144527761;31.40559635;0.2
P283;;23.128904865;33.013762778;0.5
P284;;25.311704527;34.229255086;0.5
P285;;27.494504189;35.444747394;0.5
P286;;29.677303851;36.660239702;0.5
P287;;31.902307236;37.989580005;0.2
P288;;31.963365648;38.094529459;0.2
P289;;32.041478452;38.187485942;0.2
P290;;32.134342489;38.265708627;0.2
P291;;32.23921966;38.326891115;0.2
P292;;34.431017814;37.543532229;0.5
P293;;36.622815985;36.760173349;0.5
P294;;38.814614157;35.97681447;0.5
P295;;41.006412328;35.19345559;0.5
P296;;43.399447438;34.470797776;0.2
P297;;43.609636908;34.469662346;0.2
P298;;43.810206253;34.406790728;0.2
P299;;43.983432805;34.287738371;0.2
P300;;44.114009956;34.123024953;0.2
P301;;43.748084971;32.770761301;0.5
P302;;43.382160055;31.418497615;0.5
P303;;43.016235138;30.06623393;0.5
P304;;42.650310222;28.713970245;0.5
P305;;42.351813572;27.201199117;0.2
P306;;42.377980544;27.02908148;0.2
P307;;42.361300004;26.855787073;0.2
P308;;42.3027831;26.691820724;0.2
P309;;42.205977031;26.547121807;0.2
P310;;39.375817066;26.341993189;0.5
P311;;36.545657091;26.136864514;0.5
P312;;33.715497116;25.931735839;0.5
P313;;30.885337141;25.726607164;0.5
P314;;27.972049839;25.44000464;0.2
P315;;27.87668288;25.373271728;0.2
P316;;27.771660366;25.323087967;0.2
P317;;27.659828016;25.290813149;0.2
P318;;27.544216071;25.277321801;0.2
P319;;26.365703074;26.402580749;0.5
P320;;25.187190135;27.527839701;0.5
P321;;24.008677195;28.653098653;0.5
P322;;22.830164256;29.778357604;0.5
P323;;21.555633899;30.657079958;0.2
P324;;21.514202338;30.798334878;0.2
P325;;21.520979345;30.95297826;0.2
P326;;21.55096573;31.107317549;0.2
P327;;21.589758521;31.249168631;0.2
P328;;21.62628601;31.366372998;0.2
P329;;23.535221382;32.896851212;0.5
P330;;25.623064053;34.061002891;0.5
P331;;27.710906725;35.22515457;0.5
P332;;29.798749397;36.389306248;0.5
P333;;31.929200292;37.665993688;0.2
P334;;31.990272862;37.769675398;0.2
P335;;32.068041159;37.86150049;0.2
P336;;32.160253051;37.938809757;0.2
P337;;32.264238126;37.999364359;0.2
P338;;34.37863462;37.243669181;0.5
P339;;36.49303113;36.48797401;0.5
P340;;38.60742764;35.732278839;0.5
P341;;40.721824151;34.976583667;0.5
P342;;43.0374576;34.281589561;0.2
P343;;43.24764707;34.280454131;0.2
P344;;43.448216414;34.217582513;0.2
P345;;43.621442966;34.098530154;0.2
P346;;43.752020117;33.933816737;0.2
P347;;43.411696003;32.676160287;0.5
P348;;43.071371957;31.418503805;0.5
P349;;42.731047911;30.160847323;0.5
P350;;42.390723865;28.903190841;0.5
P351;;42.117828085;27.485026917;0.2
P352;;42.143995057;27.31290928;0.2
P353;;42.127314517;27.139614874;0.2
P354;;42.068797613;26.975648525;0.2
P355;;41.971991544;26.830949608;0.2
P356;;39.211356899;26.630860153;0.5
P357;;36.450722245;26.430770641;0.5
P358;;33.69008759;26.230681129;0.5
P359;;30.929452936;26.030591616;0.5
P360;;28.0846455;25.748161892;0.2
P361;;27.987975851;25.680931362;0.2
P362;;27.881489963;25.630674813;0.2
P363;;27.768140682;25.598785853;0.2
P364;;27.651071176;25.586148761;0.2
P365;;26.549790639;26.635438265;0.5
P366;;25.44851016;27.684727771;0.5
P367;;24.347229681;28.734017277;0.5
P368;;23.245949202;29.783306783;0.5
P369;;22.056118073;30.611081062;0.2
P370;;22.022458027;30.765644944;0.2
P371;;22.033912731;30.936871818;0.2
P372;;22.067033897;31.109304513;0.2
P373;;22.108027034;31.268577533;0.2
P374;;22.145976632;31.400359433;0.2
P375;;23.942075992;32.882154388;0.5
P376;;25.935008046;33.967902576;0.5
P377;;27.9279401;35.053650764;0.5
P378;;29.920872155;36.139398952;0.5
P379;;31.956412432;37.337682901;0.2
P380;;32.017485003;37.441364611;0.2
P381;;32.0952533;37.533189704;0.2
P382;;32.187465192;37.61049897;0.2
P383;;32.291450267;37.671053572;0.2
P384;;34.328006365;36.943178908;0.5
P385;;36.364562479;36.215304252;0.5
P386;;38.401118593;35.487429596;0.5
P387;;40.437674708;34.75955494;0.5
P388;;42.675467762;34.092381347;0.2
P389;;42.885657231;34.091245917;0.2
P390;;43.086226576;34.028374298;0.2
P391;;43.259453127;33.909321939;0.2
P392;;43.390030278;33.744608521;0.2
P393;;43.075307034;32.581559274;0.5
P394;;42.760583859;31.418509995;0.5
P395;;42.445860684;30.255460716;0.5
P396;;42.131137509;29.092411438;0.5
P397;;41.883842599;27.768854717;0.2
P398;;41.91000957;27.59673708;0.2
P399;;41.89332903;27.423442674;0.2
P400;;41.834812126;27.259476326;0.2
P401;;41.738006058;27.11477741;0.2
P402;;39.046325305;26.919685701;0.5
P403;;36.354644544;26.724593934;0.5
P404;;33.662963782;26.529502168;0.5
P405;;30.97128302;26.334410401;0.5
P406;;28.195429478;26.056978423;0.2
P407;;28.098759828;25.989747894;0.2
P408;;27.99227394;25.939491344;0.2
P409;;27.878924659;25.907602384;0.2
P410;;27.761855154;25.894965293;0.2
P411;;26.738770867;26.895232823;0.5
P412;;25.715686638;27.895500357;0.5
P413;;24.692602408;28.89576789;0.5
P414;;23.669518179;29.896035423;0.5
P415;;22.547648085;30.649984963;0.2
P416;;22.507514193;30.79148129;0.2
P417;;22.515632675;30.945878289;0.2
P418;;22.546929342;31.099738746;0.2
P419;;22.586910996;31.241036194;0.2
P420;;22.624413064;31.357739495;0.2
P421;;24.346721171;32.761243042;0.5
P422;;26.244711454;33.797051631;0.5
P423;;28.142701737;34.832860219;0.5
P424;;30.04069202;35.868668808;0.5
P425;;31.981746024;37.015467971;0.2
P426;;32.042819972;37.11766074;0.2
P427;;32.120172909;37.208158875;0.2
P428;;32.211612126;37.284397045;0.2
P429;;32.314545618;37.344214145;0.2
P430;;34.274084678;36.643865724;0.5
P431;;36.233623754;35.943517311;0.5
P432;;38.19316283;35.243168898;0.5
P433;;40.152701906;34.542820485;0.5
P434;;42.313477922;33.903173135;0.2
P435;;42.523667392;33.902037704;0.2
P436;;42.724236736;33.839166084;0.2
P437;;42.897463288;33.720113725;0.2
P438;;43.028040438;33.555400306;0.2
P439;;42.738918065;32.486958262;0.5
P440;;42.449795761;31.418516186;0.5
P441;;42.160673457;30.35007411;0.5
P442;;41.871551153;29.281632034;0.5
P443;;41.649857114;28.052682517;0.2
P444;;41.676024085;27.88056488;0.2
P445;;41.659343544;27.707270475;0.2
P446;;41.60082664;27.543304127;0.2
P447;;41.504020572;27.398605211;0.2
P448;;38.882389521;27.208590672;0.5
P449;;36.26075846;27.018576075;0.5
P450;;33.6391274;26.828561478;0.5
P451;;31.017496339;26.638546881;0.5
P452;;28.310443135;26.36516116;0.2
P453;;28.212214769;26.297346173;0.2
P454;;28.103979221;26.247019733;0.2
P455;;27.988820701;26.215615913;0.2
P456;;27.870020696;26.204029575;0.2
P457;;26.923244647;27.12702609;0.5
P458;;25.976468655;28.050022607;0.5
P459;;25.029692663;28.973019124;0.5
P460;;24.082916671;29.896015641;0.5
P461;;23.046147322;30.600048229;0.2
P462;;23.014430862;30.755861463;0.2
P463;;23.027660607;30.928162448;0.2
P464;;23.062420685;31.101575057;0.2
P465;;23.104861199;31.261704614;0.2
P466;;23.143970172;31.394166246;0.2
P467;;24.752078716;32.750687;0.5
P468;;26.555146698;33.707194842;0.5
P469;;28.358214681;34.663702684;0.5
P470;;30.161282663;35.620210527;0.5
P471;;32.007414367;36.687708943;0.2
P472;;32.068488316;36.789901712;0.2
P473;;32.145841252;36.880399848;0.2
P474;;32.23728047;36.956638018;0.2
P475;;32.340213963;37.016455117;0.2
P476;;34.222221385;36.34381686;0.5
P477;;36.104228824;35.67117861;0.5
P478;;37.986236264;34.99854036;0.5
P479;;39.868243703;34.32590211;0.5
P480;;41.951488082;33.713964923;0.2
P481;;42.161677552;33.712829492;0.2
P482;;42.362246896;33.649957871;0.2
P483;;42.535473447;33.530905511;0.2
P484;;42.666050597;33.366192092;0.2
P485;;42.402529096;32.392357251;0.5
P486;;42.139007664;31.418522378;0.5
P487;;41.875486231;30.444687504;0.5
P488;;41.611964799;29.470852631;0.5
P489;;41.41587163;28.336510316;0.2
P490;;41.4420386;28.16439268;0.2
P491;;41.42535806;27.991098276;0.2
P492;;41.366841155;27.827131929;0.2
P493;;41.270035088;27.682433013;0.2
P494;;38.717768857;27.497446003;0.5
P495;;36.165502617;27.312458936;0.5
P496;;33.613236377;27.127471869;0.5
P497;;31.060970137;26.942484802;0.5
P498;;28.423281754;26.674126611;0.2
P499;;28.325053388;26.606311623;0.2
P500;;28.216817839;26.555985184;0.2
P501;;28.10165932;26.524581364;0.2
P502;;27.982859315;26.512995026;0.2
P503;;27.11357151;27.387947392;0.5
P504;;26.244283764;28.262899759;0.5
P505;;25.374996018;29.137852127;0.5
P506;;24.505708271;30.012804495;0.5
P507;;23.534251072;30.64165002;0.2
P508;;23.495667298;30.78339777;0.2
P509;;23.505369235;30.937466048;0.2
P510;;23.538203643;31.09072072;0.2
P511;;23.579579544;31.231321036;0.2
P512;;23.618223163;31.34740021;0.2
P513;;25.154559634;32.624961012;0.5
P514;;26.862750188;33.533238787;0.5
P515;;28.570940741;34.441516562;0.5
P516;;30.279131295;35.349794337;0.5
P517;;32.030901105;36.36721402;0.2
P518;;32.091955041;36.467630764;0.2
P519;;32.168797224;36.556548615;0.2
P520;;32.259305104;36.631511466;0.2
P521;;32.360978652;36.690448679;0.2
P522;;34.166435168;36.045170068;0.5
P523;;35.971891701;35.399891464;0.5
P524;;37.777348234;34.754612859;0.5
P525;;39.582804767;34.109334255;0.5
P526;;41.589498241;33.524756713;0.2
P527;;41.799687711;33.523621281;0.2
P528;;42.000257055;33.46074966;0.2
P529;;42.173483606;33.341697299;0.2
P530;;42.304060755;33.176983879;0.2
P531;;42.066140126;32.297756241;0.5
P532;;41.828219566;31.41852857;0.5
P533;;41.590299005;30.539300899;0.5
P534;;41.352378444;29.660073228;0.5
P535;;41.181886147;28.620338116;0.2
P536;;41.208053117;28.44822048;0.2
P537;;41.191372576;28.274926076;0.2
P538;;41.132855672;28.11095973;0.2
P539;;41.036049604;27.966260814;0.2
P540;;38.554488379;27.786398471;0.5
P541;;36.072927146;27.606536069;0.5
P542;;33.591365912;27.426673668;0.5
P543;;31.109804678;27.246811267;0.5
P544;;28.541298845;26.982327967;0.2
P545;;28.44116826;26.913815752;0.2
P546;;28.330799535;26.863429228;0.2
P547;;28.213441936;26.832651778;0.2
P548;;28.092550484;26.822389496;0.2
P549;;27.298385137;27.618480416;0.5
P550;;26.504219847;28.414571337;0.5
P551;;25.710054557;29.210662258;0.5
P552;;24.915889267;30.006753179;0.5
P553;;24.030092843;30.586952571;0.2
P554;;24.000707066;30.744223468;0.2
P555;;24.01606008;30.917779318;0.2
P556;;24.052776824;31.092333909;0.2
P557;;24.096945442;31.253462071;0.2
P558;;24.137435992;31.386719362;0.2
P559;;25.558011;32.619369833;0.5
P560;;27.17129608;33.447269951;0.5
P561;;28.78458116;34.275170069;0.5
P562;;30.39786624;35.103070186;0.5
P563;;32.054730576;36.040112213;0.2
P564;;32.115784513;36.140528957;0.2
P565;;32.192626696;36.229446808;0.2
P566;;32.283134576;36.30440966;0.2
P567;;32.384808125;36.363346872;0.2
P568;;34.113100778;35.745646981;0.5
P569;;35.841393448;35.127947096;0.5
P570;;37.569686118;34.510247212;0.5
P571;;39.297978788;33.892547327;0.5
P572;;41.227508399;33.335548504;0.2
P573;;41.437697869;33.334413071;0.2
P574;;41.638267213;33.271541449;0.2
P575;;41.811493764;33.152489088;0.2
P576;;41.942070912;32.987775667;0.2
P577;;41.729751156;32.203155231;0.5
P578;;41.517431468;31.418534762;0.5
P579;;41.305111779;30.633914293;0.5
P580;;41.092792091;29.849293825;0.5
P581;;40.947900665;28.904165915;0.2
P582;;40.974067634;28.73204828;0.2
P583;;40.957387093;28.558753877;0.2
P584;;40.898870189;28.394787531;0.2
P585;;40.802064121;28.250088616;0.2
P586;;38.390370287;28.075290228;0.5
P587;;35.978676443;27.900491783;0.5
P588;;33.566982599;27.725693337;0.5
P589;;31.155288755;27.550894892;0.5
P590;;28.656650311;27.291475548;0.2
P591;;28.556519727;27.222963333;0.2
P592;;28.446151002;27.172576808;0.2
P593;;28.328793403;27.141799359;0.2
P594;;28.207901951;27.131537076;0.2
P595;;27.490337678;27.880755776;0.5
P596;;26.772773463;28.629974477;0.5
P597;;26.055209247;29.379193178;0.5
P598;;25.337645032;30.128411879;0.5
P599;;24.513667149;30.631699755;0.2
P600;;24.476968764;30.773708874;0.2
P601;;24.488569888;30.927325558;0.2
P602;;24.523241002;31.079788884;0.2
P603;;24.566272068;31.219494701;0.2
P604;;24.606266674;31.334773397;0.2
P605;;25.957591333;32.487727096;0.5
P606;;27.476151054;33.26953065;0.5
P607;;28.994710775;34.051334204;0.5
P608;;30.513270496;34.833137759;0.5
P609;;32.07599503;35.721828681;0.2
P610;;32.136992722;35.820087113;0.2
P611;;32.213191564;35.907088115;0.2
P612;;32.302553171;35.980504334;0.2
P613;;32.402687039;36.038371822;0.2
P614;;34.055005941;35.4478253;0.5
P615;;35.70732486;34.857278784;0.5
P616;;37.359643778;34.266732268;0.5
P617;;39.011962696;33.676185751;0.5
P618;;40.865518556;33.146340297;0.2
P619;;41.075708026;33.145204863;0.2
P620;;41.27627737;33.08233324;0.2
P621;;41.449503921;32.963280878;0.2
P622;;41.580081068;32.798567457;0.2
P623;;41.393362185;32.108554222;0.5
P624;;41.206643369;31.418540955;0.5
P625;;41.019924554;30.728527689;0.5
P626;;40.833205739;30.038514422;0.5
P627;;40.713915185;29.187993715;0.2
P628;;40.740082153;29.01587608;0.2
P629;;40.723401611;28.842581677;0.2
P630;;40.664884707;28.678615332;0.2
P631;;40.56807864;28.533916418;0.2
P632;;38.227933134;28.36430382;0.5
P633;;35.88778762;28.194691163;0.5
P634;;33.547642105;28.025078507;0.5
P635;;31.20749659;27.855465851;0.5
P636;;28.778505712;27.599681897;0.2
P637;;28.675996088;27.530322216;0.2
P638;;28.562962876;27.47989919;0.2
P639;;28.442869185;27.44995768;0.2
P640;;28.319394444;27.441415032;0.2
P641;;27.67538008;28.109783937;0.5
P642;;27.031365774;28.778152841;0.5
P643;;26.387351467;29.446521746;0.5
P644;;25.743337161;30.11489065;0.5
P645;;25.00581126;30.571133886;0.2
P646;;24.979284008;30.730135604;0.2
P647;;24.997227232;30.905175495;0.2
P648;;25.036329724;31.081080442;0.2
P649;;25.082601804;31.243387339;0.2
P650;;25.12477222;31.377582879;0.2
P651;;26.358541068;32.488207151;0.5
P652;;27.782262858;33.188314623;0.5
P653;;29.205984648;33.888422095;0.5
P654;;30.629706438;34.588529567;0.5
P655;;32.097593041;35.395524408;0.2
P656;;32.158590734;35.49378284;0.2
P657;;32.234789576;35.580783842;0.2
P658;;32.324151183;35.654200061;0.2
P659;;32.424285052;35.712067549;0.2
P660;;33.999886383;35.14894024;0.5
P661;;35.575487729;34.585812938;0.5
P662;;37.151089076;34.022685635;0.5
P663;;38.726690423;33.459558332;0.5
P664;;40.503528711;32.957132091;0.2
P665;;40.713718182;32.955996656;0.2
P666;;40.914287526;32.893125032;0.2
P667;;41.087514076;32.774072669;0.2
P668;;41.218091223;32.609359247;0.2
P669;;41.056973213;32.013953214;0.5
P670;;40.895855271;31.418547149;0.5
P671;;40.734737329;30.823141084;0.5
P672;;40.573619387;30.227735019;0.5
P673;;40.479929706;29.471821514;0.2
P674;;40.506096673;29.29970388;0.2
P675;;40.489416131;29.126409478;0.2
P676;;40.430899227;28.962443134;0.2
P677;;40.33409316;28.81774422;0.2
P678;;38.064445396;28.653241265;0.5
P679;;35.794797623;28.488738252;0.5
P680;;33.52514985;28.324235239;0.5
P681;;31.255502077;28.159732227;0.5
P682;;28.897008941;27.909057916;0.2
P683;;28.794499316;27.839698235;0.2
P684;;28.681466104;27.789275209;0.2
P685;;28.561372413;27.759333699;0.2
P686;;28.437897672;27.750791051;0.2
P687;;27.869340196;28.373719979;0.5
P688;;27.300782777;28.996648907;0.5
P689;;26.732225358;29.619577835;0.5
P690;;26.163667939;30.242506763;0.5
P691;;25.483198566;30.619604724;0.2
P692;;25.448849212;30.761865876;0.2
P693;;25.462770166;30.914840259;0.2
P694;;25.499664882;31.066236323;0.2
P695;;25.54469476;31.20475347;0.2
P696;;25.586312242;31.318972533;0.2
P697;;26.754060049;32.349105273;0.5
P698;;28.083370929;33.005853527;0.5
P699;;29.412681809;33.662601782;0.5
P700;;30.741992689;34.319350036;0.5
P701;;32.11613322;35.080170864;0.2
P702;;32.17701171;35.175745993;0.2
P703;;32.252375595;35.260369162;0.2
P704;;32.340289409;35.331867113;0.2
P705;;32.438495386;35.388403666;0.2
P706;;33.938856681;34.852167493;0.5
P707;;35.439217991;34.315931326;0.5
P708;;36.939579302;33.77969516;0.5
P709;;38.439940613;33.243458993;0.5
P710;;40.141538866;32.767923886;0.2
P711;;40.351728337;32.766788451;0.2
P712;;40.552297681;32.703916826;0.2
P713;;40.725524231;32.584864462;0.2
P714;;40.856101377;32.420151039;0.2
P715;;40.720584241;31.919352207;0.5
P716;;40.585067173;31.418553343;0.5
P717;;40.449550105;30.91775448;0.5
P718;;40.314033037;30.416955616;0.5
P719;;40.245944228;29.755649313;0.2
P720;;40.272111195;29.583531679;0.2
P721;;40.255430652;29.410237278;0.2
P722;;40.196913748;29.246270935;0.2
P723;;40.100107682;29.101572022;0.2
P724;;37.903135372;28.94233655;0.5
P725;;35.706163054;28.78310102;0.5
P726;;33.509190735;28.62386549;0.5
P727;;31.312218416;28.46462996;0.5
P728;;29.023953167;28.217242812;0.2
P729;;28.918373609;28.146829309;0.2
P730;;28.801908151;28.096421953;0.2
P731;;28.67830817;28.067644377;0.2
P732;;28.551554845;28.061423511;0.2
P733;;28.054371987;28.600945839;0.5
P734;;27.557189186;29.140468164;0.5
P735;;27.060006385;29.679990489;0.5
P736;;26.562823583;30.219512815;0.5
P737;;25.969963456;30.551644116;0.2
P738;;25.947023718;30.712723498;0.2
P739;;25.968206312;30.889543199;0.2
P740;;26.01028732;31.067069225;0.2
P741;;26.059178061;31.230785645;0.2
P742;;26.103436411;31.366100713;0.2
P743;;27.151598873;32.357190854;0.5
P744;;28.386231954;32.930589181;0.5
P745;;29.620865036;33.503987509;0.5
P746;;30.855498118;34.077385836;0.5
P747;;32.134960851;34.754856736;0.2
P748;;32.195839341;34.850431866;0.2
P749;;32.271203226;34.935055035;0.2
P750;;32.359117041;35.006552986;0.2
P751;;32.457323019;35.063089539;0.2
P752;;33.881520817;34.554074551;0.5
P753;;35.305718632;34.045059569;0.5
P754;;36.729916446;33.536044588;0.5
P755;;38.154114261;33.027029606;0.5
P756;;39.779549018;32.578715684;0.2
P757;;39.98973849;32.577580247;0.2
P758;;40.190307834;32.514708621;0.2
P759;;40.363534384;32.395656256;0.2
P760;;40.494111529;32.230942832;0.2
P761;;40.384195268;31.824751201;0.5
P762;;40.274279075;31.418559538;0.5
P763;;40.164362881;31.012367876;0.5
P764;;40.011958753;30.039477111;0.2
P765;;40.038125718;29.867359479;0.2
P766;;40.021445175;29.694065079;0.2
P767;;39.962928271;29.530098736;0.2
P768;;39.866122205;29.385399824;0.2
P769;;37.740464279;29.231333185;0.5
P770;;35.614806344;29.077266489;0.5
P771;;33.489148408;28.923199792;0.5
P772;;31.363490473;28.769133095;0.5
P773;;29.146539607;28.52691478;0.2
P774;;29.04096005;28.456501277;0.2
P775;;28.924494592;28.406093921;0.2
P776;;28.80089461;28.377316345;0.2
P777;;28.674141286;28.371095479;0.2
P778;;28.250884464;28.866970515;0.5
P779;;27.827627699;29.362845549;0.5
P780;;27.404370934;29.858720582;0.5
P781;;26.981114169;30.354595616;0.5
P782;;26.438508379;30.604568522;0.2
P783;;26.407167083;30.747029406;0.2
P784;;26.423987334;30.899050721;0.2
P785;;26.463620878;31.048951476;0.2
P786;;26.5110953;31.185823836;0.2
P787;;26.554689207;31.298587665;0.2
P788;;27.541096172;32.208379606;0.5
P789;;28.681949978;32.742054129;0.5
P790;;29.822803784;33.275728652;0.5
P791;;30.963657591;33.809403175;0.5
P792;;32.150088194;34.443531748;0.2
P793;;32.210733642;34.535675051;0.2
P794;;32.284971853;34.617265164;0.2
P795;;32.370996128;34.686316468;0.2
P796;;32.466712935;34.741148495;0.2
P797;;33.81663478;34.258680076;0.5
P798;;35.166556642;33.776211663;0.5
P799;;36.516478503;33.29374325;0.5
P800;;37.866400364;32.811274837;0.5
P801;;39.417559169;32.389507483;0.2
P802;;39.627748641;32.388372046;0.2
P803;;39.828317986;32.325500418;0.2
P804;;40.001544535;32.206448051;0.2
P805;;40.13212168;32.041734626;0.2
P806;;40.047806294;31.730150196;0.5
P807;;39.963490976;31.418565734;0.5
P808;;39.879175658;31.106981272;0.5
P809;;39.777973279;30.323304909;0.2
P810;;39.804140244;30.151187278;0.2
P811;;39.7874597;29.977892879;0.2
P812;;39.728942796;29.813926538;0.2
P813;;39.632136731;29.669227627;0.2
P814;;37.58073866;29.520543307;0.5
P815;;35.52934058;29.37185893;0.5
P816;;33.4779425;29.223174553;0.5
P817;;31.426544421;29.074490176;0.5
P818;;29.280570624;28.835026212;0.2
P819;;29.170862711;28.763265008;0.2
P820;;29.049793357;28.712988688;0.2
P821;;28.921523837;28.6859253;0.2
P822;;28.790462902;28.68300504;0.2
P823;;28.435400578;29.092067793;0.5
P824;;28.08033831;29.501130542;0.5
P825;;27.725276043;29.910193291;0.5
P826;;27.370213776;30.31925604;0.5
P827;;26.916975037;30.527062827;0.2
P828;;26.898694835;30.690676281;0.2
P829;;26.924054403;30.869663697;0.2
P830;;26.969965134;31.049149446;0.2
P831;;27.022216524;31.214568228;0.2
P832;;27.069153599;31.351236695;0.2
P833;;27.933748067;32.226284123;0.5
P834;;28.980261021;32.674470211;0.5
P835;;30.026773975;33.122656299;0.5
P836;;31.073286929;33.570842387;0.5
P837;;32.16537668;34.119482527;0.2
P838;;32.226022128;34.21162583;0.2
P839;;32.300260339;34.293215943;0.2
P840;;32.386284615;34.362267247;0.2
P841;;32.482001424;34.417099274;0.2
P842;;33.7564676;33.96159906;0.5
P843;;35.030933793;33.506098852;0.5
P844;;36.305399986;33.050598643;0.5
P845;;37.57986618;32.595098435;0.5
P846;;39.055569317;32.200299285;0.2
P847;;39.26575879;32.199163846;0.2
P848;;39.466328135;32.136292217;0.2
P849;;39.639554684;32.017239849;0.2
P850;;39.770131828;31.852526421;0.2
P851;;39.711417319;31.635549192;0.5
P852;;39.652702878;31.41857193;0.5
P853;;39.593988437;31.201594668;0.5
P854;;39.543987809;30.607132707;0.2
P855;;39.570154772;30.435015076;0.2
P856;;39.553474228;30.261720679;0.2
P857;;39.494957324;30.097754339;0.2
P858;;39.398151259;29.953055429;0.2
P859;;37.419172123;29.80962;0.5
P860;;35.440192978;29.666184514;0.5
P861;;33.461213832;29.522749027;0.5
P862;;31.482234687;29.37931354;0.5
P863;;29.408679825;29.145098468;0.2
P864;;29.298971912;29.073337263;0.2
P865;;29.177902558;29.023060944;0.2
P866;;29.049633039;28.995997556;0.2
P867;;28.918572103;28.993077295;0.2
P868;;28.635286488;29.360804187;0.5
P869;;28.35200093;29.728531076;0.5
P870;;28.068715372;30.096257964;0.5
P871;;27.372107866;30.585376728;0.2
P872;;27.344774904;30.727883516;0.2
P873;;27.365296759;30.878413088;0.2
P874;;27.408361483;31.026097221;0.2
P875;;27.458854888;31.160575526;0.2
P876;;27.50486979;31.271241351;0.2
P877;;28.313599018;32.064310376;0.5
P878;;29.267633334;32.477815733;0.5
P879;;30.22166765;32.891321091;0.5
P880;;31.175701965;33.304826448;0.5
P881;;32.176122153;33.813958356;0.2
P882;;32.236316717;33.901552298;0.2
P883;;32.308960059;33.979134699;0.2
P884;;32.392411009;34.044952805;0.2
P885;;32.48478423;34.097519642;0.2
P886;;33.686295874;33.668093715;0.5
P887;;34.887807535;33.238667794;0.5
P888;;36.089319195;32.809241873;0.5
P889;;37.290830856;32.379815952;0.5
P890;;38.693579462;32.011091089;0.2
P891;;38.903768936;32.009955649;0.2
P892;;39.104338281;31.947084018;0.2
P893;;39.27756483;31.828031647;0.2
P894;;39.408141973;31.663318218;0.2
P895;;39.375028342;31.540948188;0.5
P896;;39.310002343;30.890960503;0.2
P897;;39.336169304;30.718842874;0.2
P898;;39.319488759;30.545548478;0.2
P899;;39.260971855;30.38158214;0.2
P900;;39.164165791;30.236883232;0.2
P901;;37.261836517;30.099003349;0.5
P902;;35.359507235;29.961123409;0.5
P903;;33.457177952;29.823243468;0.5
P904;;31.554848669;29.685363528;0.5
P905;;29.553286102;29.453029949;0.2
P906;;29.437701381;29.3794847;0.2
P907;;29.310103966;29.329608539;0.2
P908;;29.175283542;29.305273692;0.2
P909;;29.038300924;29.307393627;0.2
P910;;28.81819774;29.583564219;0.5
P911;;28.598094612;29.859734805;0.5
P912;;28.377991484;30.135905391;0.5
P913;;27.836753674;30.495239379;0.2
P914;;27.824788068;30.661989423;0.2
P915;;27.855763912;30.84362761;0.2
P916;;27.906793107;31.025498511;0.2
P917;;27.963527481;31.192973601;0.2
P918;;28.01402184;31.331272321;0.2
P919;;28.698767961;32.095385021;0.5
P920;;29.559159755;32.420528435;0.5
P921;;30.419551548;32.74567185;0.5
P922;;31.279943342;33.070815264;0.5
P923;;32.186721007;33.49158523;0.2
P924;;32.246915571;33.579179172;0.2
P925;;32.319558914;33.656761574;0.2
P926;;32.403009865;33.72257968;0.2
P927;;32.495383086;33.775146516;0.2
P928;;33.622376987;33.448036855;0.5
P929;;34.749370904;33.1209272;0.5
P930;;35.876364821;32.793817545;0.5
P931;;37.003358737;32.46670789;0.5
P932;;38.331589602;32.200299291;0.2
P933;;38.541779078;32.19916385;0.2
P934;;38.742348424;32.136292217;0.2
P935;;38.915574972;32.017239843;0.2
P936;;39.046152114;31.85252641;0.2
P937;;39.038639363;31.7490803;0.5
P938;;39.031126681;31.645634159;0.5
P939;;39.023613998;31.542188017;0.5
P940;;39.016101315;31.438741875;0.5
P941;;39.076016882;31.174788298;0.2
P942;;39.102183841;31.002670671;0.2
P943;;39.085503295;30.829376277;0.2
P944;;39.026986391;30.665409941;0.2
P945;;38.930180328;30.520711035;0.2
P946;;37.101856585;30.388195039;0.5
P947;;35.273532834;30.255678984;0.5
P948;;33.445209082;30.12316293;0.5
P949;;31.616885331;29.990646876;0.5
P950;;29.689328295;29.763677184;0.2
P951;;29.573743573;29.690131934;0.2
P952;;29.446146159;29.640255774;0.2
P953;;29.311325734;29.615920926;0.2
P954;;29.174343117;29.618040861;0.2
P955;;29.022793787;29.855969325;0.5
P956;;28.871244514;30.093897781;0.5
P957;;28.71969524;30.331826237;0.5
P958;;28.269743127;30.560142048;0.2
P959;;28.248041459;30.702258965;0.2
P960;;28.27341115;30.850272271;0.2
P961;;28.320796779;30.994444509;0.2
P962;;28.375007207;31.125202096;0.2
P963;;28.423942979;31.232640541;0.2
P964;;29.065982996;31.916402813;0.5
P965;;29.84136537;32.216031734;0.5
P966;;30.616747743;32.515660654;0.5
P967;;31.392130116;32.815289575;0.5
P968;;32.210608183;33.197217862;0.2
P969;;32.26412111;33.273157241;0.2
P970;;32.327127605;33.341425859;0.2
P971;;32.398540122;33.400845343;0.2
P972;;32.477126021;33.450390062;0.2
P973;;33.537069439;33.135676226;0.5
P974;;34.597012873;32.820962394;0.5
P975;;35.656956307;32.506248563;0.5
P976;;36.716899741;32.191534732;0.5
P977;;37.971723459;31.947862864;0.2
P978;;38.178833247;31.959299613;0.2
P979;;38.380350698;31.910146991;0.2
P980;;38.558935132;31.804634606;0.2
P981;;38.699219266;31.651841854;0.2
P982;;27.662680285;30.114483438;0
P983;;29.96821048;30.114483438;0.5
P984;;32.273740676;30.114483438;0.5
P985;;34.579270871;30.114483438;0.5
P986;;36.884801066;30.114483438;0.5
P987;;39.190331262;30.114483438;0.5
P988;;39.337277578;30.162229192;0.2
P989;;39.428095391;30.287229191;0.2
P990;;39.428095391;30.441737686;0.2
P991;;39.337277578;30.566737685;0.2
P992;;39.190331268;30.614483438;0.2
P993;;36.484801066;30.614483438;0.5
P994;;34.279270871;30.614483438;0.5
P995;;32.073740676;30.614483438;0.5
P996;;29.86821048;30.614483438;0.5
P997;;27.662680285;30.614483438;0.5
P998;;27.515733958;30.6622292;0.2
P999;;27.424916152;30.787229204;0.2
P1000;;27.42491616;30.941737698;0.2
P1001;;27.51573398;31.066737692;0.2
P1002;;27.662680292;31.114483438;0.2
P1003;;29.96821048;31.114483438;0.5
P1004;;32.273740676;31.114483438;0.5
P1005;;34.579270871;31.114483438;0.5
P1006;;36.884801066;31.114483438;0.5
P1007;;39.190331262;31.114483438;0.5
P1008;;39.337277578;31.162229192;0.2
P1009;;39.428095391;31.287229191;0.2
P1010;;39.428095391;31.441737686;0.2
P1011;;39.337277578;31.566737685;0.2
P1012;;39.190331268;31.614483438;0.2
P1013;;36.484801066;31.614483438;0.5
P1014;;34.279270871;31.614483438;0.5
P1015;;32.073740676;31.614483438;0.5
P1016;;29.86821048;31.614483438;0.5
P1017;;27.662680285;31.614483438;0.5
P1018;;27.515733958;31.6622292;0.2
P1019;;27.424916152;31.787229204;0.2
P1020;;27.42491616;31.941737698;0.2
P1021;;27.51573398;32.066737692;0.2
P1022;;27.662680292;32.114483438;0.2
P1023;;29.96821048;32.114483438;0.5
P1024;;32.273740676;32.114483438;0.5
P1025;;34.579270871;32.114483438;0.5
P1026;;36.884801066;32.114483438;0.5
P1027;;39.190331262;32.114483438;0.5
P1028;;39.337277578;32.162229192;0.2
P1029;;39.428095391;32.287229191;0.2
P1030;;39.428095391;32.441737686;0.2
P1031;;39.337277578;32.566737685;0.2
P1032;;39.190331268;32.614483438;0.2
P1033;;36.484801066;32.614483438;0.5
P1034;;34.279270871;32.614483438;0.5
P1035;;32.073740676;32.614483438;0.5
P1036;;29.86821048;32.614483438;0.5
P1037;;27.662680285;32.614483438;0.5
P1038;;27.515733958;32.6622292;0.2
P1039;;27.424916152;32.787229204;0.2
P1040;;27.42491616;32.941737698;0.2
P1041;;27.51573398;33.066737692;0.2
P1042;;27.662680292;33.114483438;0.2
P1043;;29.96821048;33.114483438;0.5
P1044;;32.273740676;33.114483438;0.5
P1045;;34.579270871;33.114483438;0.5
P1046;;36.884801066;33.114483438;0.5
P1047;;39.190331262;33.114483438;0.5
P1048;;39.337277578;33.162229192;0.2
P1049;;39.428095391;33.287229191;0.2
P1050;;39.428095391;33.441737686;0.2
P1051;;39.337277578;33.566737685;0.2
P1052;;39.190331268;33.614483438;0.2
P1053;;36.484801066;33.614483438;0.5
P1054;;34.279270871;33.614483438;0.5
P1055;;32.073740676;33.614483438;0.5
P1056;;29.86821048;33.614483438;0.5
P1057;;27.662680285;33.614483438;0.5
