P0;;33.286200;31.159600;0.200000
P1;;45.370150;35.545346;0.200000
P2;;45.571386;35.606047;0.200000
P3;;45.781576;35.604912;0.200000
P4;;45.982145;35.542040;0.200000
P5;;46.155372;35.422988;0.200000
P6;;46.285949;35.258274;0.200000
P7;;46.024742;34.292992;0.500000
P8;;45.763535;33.327709;0.500000
P9;;45.502327;32.362426;0.500000
P10;;45.241120;31.397143;0.500000
P11;;44.979913;30.431861;0.500000
P12;;44.718706;29.466578;0.500000
P13;;44.457499;28.501295;0.500000
P14;;44.196291;27.536012;0.500000
P15;;43.688298;25.658740;0.200000
P16;;43.755727;25.498232;0.200000
P17;;43.781893;25.326115;0.200000
P18;;43.765213;25.152820;0.200000
P19;;43.706696;24.988854;0.200000
P20;;43.609890;24.844155;0.200000
P21;;42.612506;24.771865;0.500000
P22;;41.615123;24.699575;0.500000
P23;;40.617739;24.627285;0.500000
P24;;39.620355;24.554995;0.500000
P25;;38.622972;24.482706;0.500000
P26;;37.625588;24.410416;0.500000
P27;;36.628204;24.338126;0.500000
P28;;35.630821;24.265836;0.500000
P29;;34.633437;24.193546;0.500000
P30;;33.636053;24.121256;0.500000
P31;;32.638670;24.048966;0.500000
P32;;31.641286;23.976676;0.500000
P33;;30.643902;23.904386;0.500000
P34;;29.646519;23.832096;0.500000
P35;;28.649135;23.759807;0.500000
P36;;27.400759;23.669325;0.200000
P37;;27.317632;23.587851;0.200000
P38;;27.222265;23.521118;0.200000
P39;;27.117242;23.470934;0.200000
P40;;27.005410;23.438659;0.200000
P41;;26.889798;23.425168;0.200000
P42;;26.159219;24.107996;0.500000
P43;;25.428639;24.790824;0.500000
P44;;24.698060;25.473652;0.500000
P45;;23.967481;26.156480;0.500000
P46;;23.236902;26.839308;0.500000
P47;;22.506323;27.522136;0.500000
P48;;21.775743;28.204964;0.500000
P49;;21.045164;28.887792;0.500000
P50;;20.314585;29.570620;0.500000
P51;;19.584006;30.253448;0.500000
P52;;18.633997;31.141363;0.200000
P53;;18.373678;31.181662;0.200000
P54;;18.146173;31.314445;0.200000
P55;;17.983054;31.521284;0.200000
P56;;17.906960;31.773475;0.200000
P57;;17.928451;32.036017;0.200000
P58;;18.798072;32.529737;0.500000
P59;;19.667693;33.023457;0.500000
P60;;20.537314;33.517177;0.500000
P61;;21.406935;34.010897;0.500000
P62;;22.276555;34.504617;0.500000
P63;;23.146176;34.998338;0.500000
P64;;24.015797;35.492058;0.500000
P65;;24.885418;35.985778;0.500000
P66;;25.755039;36.479498;0.500000
P67;;26.624659;36.973219;0.500000
P68;;27.494280;37.466939;0.500000
P69;;28.363901;37.960659;0.500000
P70;;29.233522;38.454379;0.500000
P71;;30.103143;38.948099;0.500000
P72;;31.688933;39.848419;0.200000
P73;;31.731137;39.962267;0.200000
P74;;31.792196;40.067217;0.200000
P75;;31.870308;40.160173;0.200000
P76;;31.963172;40.238396;0.200000
P77;;32.068050;40.299578;0.200000
P78;;33.009713;39.963023;0.500000
P79;;33.951377;39.626468;0.500000
P80;;34.893041;39.289913;0.500000
P81;;35.834705;38.953358;0.500000
P82;;36.776369;38.616803;0.500000
P83;;37.718032;38.280248;0.500000
P84;;38.659696;37.943693;0.500000
P85;;39.601360;37.607138;0.500000
P86;;40.543024;37.270583;0.500000
P87;;41.484688;36.934028;0.500000
P88;;42.426351;36.597473;0.500000
P89;;43.368015;36.260918;0.500000
P90;;44.309679;35.924363;0.500000
P91;;45.370150;35.545346;0.200000
P92;;45.298660;35.785468;0.200000
P93;;45.405412;35.696624;0.200000
P94;;45.485897;35.576078;0.200000
P95;;45.549402;35.445156;0.200000
P96;;45.599428;35.319629;0.200000
P97;;45.637183;35.213616;0.200000
P98;;45.662752;34.103783;0.500000
P99;;45.401545;33.138501;0.500000
P100;;45.140338;32.173218;0.500000
P101;;44.879130;31.207935;0.500000
P102;;44.617923;30.242652;0.500000
P103;;44.356716;29.277370;0.500000
P104;;44.095509;28.312087;0.500000
P105;;43.834302;27.346804;0.500000
P106;;43.454313;25.942568;0.200000
P107;;43.521741;25.782060;0.200000
P108;;43.547908;25.609942;0.200000
P109;;43.531227;25.436648;0.200000
P110;;43.472711;25.272682;0.200000
P111;;43.375904;25.127983;0.200000
P112;;42.378521;25.055693;0.500000
P113;;41.381137;24.983403;0.500000
P114;;40.383753;24.911113;0.500000
P115;;39.386370;24.838823;0.500000
P116;;38.388986;24.766533;0.500000
P117;;37.391603;24.694243;0.500000
P118;;36.394219;24.621954;0.500000
P119;;35.396835;24.549664;0.500000
P120;;34.399452;24.477374;0.500000
P121;;33.402068;24.405084;0.500000
P122;;32.404684;24.332794;0.500000
P123;;31.407301;24.260504;0.500000
P124;;30.409917;24.188214;0.500000
P125;;29.412533;24.115924;0.500000
P126;;27.509829;23.978017;0.200000
P127;;27.426701;23.896543;0.200000
P128;;27.331334;23.829810;0.200000
P129;;27.226312;23.779627;0.200000
P130;;27.114480;23.747352;0.200000
P131;;26.998868;23.733860;0.200000
P132;;26.268288;24.416688;0.500000
P133;;25.537709;25.099516;0.500000
P134;;24.807130;25.782344;0.500000
P135;;24.076551;26.465172;0.500000
P136;;23.345971;27.148000;0.500000
P137;;22.615392;27.830828;0.500000
P138;;21.884813;28.513656;0.500000
P139;;21.154234;29.196484;0.500000
P140;;20.423655;29.879312;0.500000
P141;;19.136940;31.081926;0.200000
P142;;18.876621;31.122226;0.200000
P143;;18.649115;31.255009;0.200000
P144;;18.485997;31.461848;0.200000
P145;;18.409903;31.714038;0.200000
P146;;18.431394;31.976580;0.200000
P147;;19.301014;32.470300;0.500000
P148;;20.170635;32.964020;0.500000
P149;;21.040256;33.457741;0.500000
P150;;21.909877;33.951461;0.500000
P151;;22.779498;34.445181;0.500000
P152;;23.649119;34.938901;0.500000
P153;;24.518739;35.432621;0.500000
P154;;25.388360;35.926342;0.500000
P155;;26.257981;36.420062;0.500000
P156;;27.127602;36.913782;0.500000
P157;;27.997223;37.407502;0.500000
P158;;28.866843;37.901222;0.500000
P159;;29.736464;38.394943;0.500000
P160;;30.606085;38.888663;0.500000
P161;;31.717462;39.519638;0.200000
P162;;31.759666;39.633486;0.200000
P163;;31.820724;39.738435;0.200000
P164;;31.898837;39.831392;0.200000
P165;;31.991701;39.909615;0.200000
P166;;32.096578;39.970797;0.200000
P167;;33.038242;39.634242;0.500000
P168;;33.979906;39.297687;0.500000
P169;;34.921569;38.961132;0.500000
P170;;35.863233;38.624577;0.500000
P171;;36.804897;38.288022;0.500000
P172;;37.746561;37.951467;0.500000
P173;;38.688225;37.614912;0.500000
P174;;39.629888;37.278357;0.500000
P175;;40.571552;36.941802;0.500000
P176;;41.513216;36.605247;0.500000
P177;;42.454880;36.268692;0.500000
P178;;43.396544;35.932137;0.500000
P179;;45.008160;35.356138;0.200000
P180;;44.936672;35.596262;0.200000
P181;;45.043424;35.507418;0.200000
P182;;45.123909;35.386867;0.200000
P183;;45.187415;35.255950;0.200000
P184;;45.237441;35.130423;0.200000
P185;;45.275197;35.024405;0.200000
P186;;45.300762;33.914575;0.500000
P187;;45.039555;32.949292;0.500000
P188;;44.778348;31.984010;0.500000
P189;;44.517140;31.018727;0.500000
P190;;44.255933;30.053444;0.500000
P191;;43.994726;29.088161;0.500000
P192;;43.733519;28.122879;0.500000
P193;;43.220327;26.226395;0.200000
P194;;43.287756;26.065888;0.200000
P195;;43.313922;25.893770;0.200000
P196;;43.297242;25.720476;0.200000
P197;;43.238725;25.556510;0.200000
P198;;43.141919;25.411811;0.200000
P199;;42.144535;25.339521;0.500000
P200;;41.147152;25.267231;0.500000
P201;;40.149768;25.194941;0.500000
P202;;39.152384;25.122651;0.500000
P203;;38.155001;25.050361;0.500000
P204;;37.157617;24.978071;0.500000
P205;;36.160233;24.905781;0.500000
P206;;35.162850;24.833491;0.500000
P207;;34.165466;24.761202;0.500000
P208;;33.168082;24.688912;0.500000
P209;;32.170699;24.616622;0.500000
P210;;31.173315;24.544332;0.500000
P211;;30.175931;24.472042;0.500000
P212;;29.178548;24.399752;0.500000
P213;;27.618898;24.286709;0.200000
P214;;27.535771;24.205236;0.200000
P215;;27.440404;24.138503;0.200000
P216;;27.335382;24.088319;0.200000
P217;;27.223549;24.056044;0.200000
P218;;27.107937;24.042553;0.200000
P219;;26.377358;24.725381;0.500000
P220;;25.646779;25.408209;0.500000
P221;;24.916200;26.091037;0.500000
P222;;24.185620;26.773864;0.500000
P223;;23.455041;27.456692;0.500000
P224;;22.724462;28.139520;0.500000
P225;;21.993883;28.822348;0.500000
P226;;21.263304;29.505176;0.500000
P227;;20.532724;30.188004;0.500000
P228;;19.639882;31.022490;0.200000
P229;;19.379563;31.062789;0.200000
P230;;19.152057;31.195572;0.200000
P231;;18.988939;31.402411;0.200000
P232;;18.912845;31.654602;0.200000
P233;;18.934336;31.917144;0.200000
P234;;19.803957;32.410864;0.500000
P235;;20.673578;32.904584;0.500000
P236;;21.543198;33.398304;0.500000
P237;;22.412819;33.892024;0.500000
P238;;23.282440;34.385744;0.500000
P239;;24.152061;34.879465;0.500000
P240;;25.021682;35.373185;0.500000
P241;;25.891302;35.866905;0.500000
P242;;26.760923;36.360625;0.500000
P243;;27.630544;36.854346;0.500000
P244;;28.500165;37.348066;0.500000
P245;;29.369786;37.841786;0.500000
P246;;30.239407;38.335506;0.500000
P247;;31.745990;39.190857;0.200000
P248;;31.788194;39.304705;0.200000
P249;;31.849252;39.409654;0.200000
P250;;31.927365;39.502611;0.200000
P251;;32.020229;39.580833;0.200000
P252;;32.125106;39.642016;0.200000
P253;;33.066770;39.305461;0.500000
P254;;34.008434;38.968906;0.500000
P255;;34.950098;38.632351;0.500000
P256;;35.891761;38.295796;0.500000
P257;;36.833425;37.959241;0.500000
P258;;37.775089;37.622686;0.500000
P259;;38.716753;37.286131;0.500000
P260;;39.658417;36.949576;0.500000
P261;;40.600080;36.613021;0.500000
P262;;41.541744;36.276466;0.500000
P263;;42.483408;35.939911;0.500000
P264;;43.425072;35.603356;0.500000
P265;;44.646170;35.166930;0.200000
P266;;44.574685;35.407051;0.200000
P267;;44.681437;35.318207;0.200000
P268;;44.761922;35.197661;0.200000
P269;;44.825428;35.066739;0.200000
P270;;44.875450;34.941212;0.200000
P271;;44.913209;34.835198;0.200000
P272;;44.938772;33.725367;0.500000
P273;;44.677565;32.760084;0.500000
P274;;44.416358;31.794801;0.500000
P275;;44.155151;30.829519;0.500000
P276;;43.893943;29.864236;0.500000
P277;;43.632736;28.898953;0.500000
P278;;43.371529;27.933670;0.500000
P279;;42.986342;26.510223;0.200000
P280;;43.053770;26.349716;0.200000
P281;;43.079937;26.177598;0.200000
P282;;43.063256;26.004304;0.200000
P283;;43.004740;25.840337;0.200000
P284;;42.907933;25.695638;0.200000
P285;;41.910550;25.623349;0.500000
P286;;40.913166;25.551059;0.500000
P287;;39.915783;25.478769;0.500000
P288;;38.918399;25.406479;0.500000
P289;;37.921015;25.334189;0.500000
P290;;36.923632;25.261899;0.500000
P291;;35.926248;25.189609;0.500000
P292;;34.928864;25.117319;0.500000
P293;;33.931481;25.045029;0.500000
P294;;32.934097;24.972739;0.500000
P295;;31.936713;24.900450;0.500000
P296;;30.939330;24.828160;0.500000
P297;;29.941946;24.755870;0.500000
P298;;28.944562;24.683580;0.500000
P299;;27.727968;24.595402;0.200000
P300;;27.644841;24.513928;0.200000
P301;;27.549474;24.447195;0.200000
P302;;27.444451;24.397011;0.200000
P303;;27.332619;24.364736;0.200000
P304;;27.217007;24.351245;0.200000
P305;;26.486428;25.034073;0.500000
P306;;25.755849;25.716901;0.500000
P307;;25.025269;26.399729;0.500000
P308;;24.294690;27.082557;0.500000
P309;;23.564111;27.765385;0.500000
P310;;22.833532;28.448213;0.500000
P311;;22.102952;29.131041;0.500000
P312;;21.372373;29.813869;0.500000
P313;;20.142824;30.963053;0.200000
P314;;19.882505;31.003353;0.200000
P315;;19.655000;31.136136;0.200000
P316;;19.491881;31.342975;0.200000
P317;;19.415787;31.595165;0.200000
P318;;19.437278;31.857707;0.200000
P319;;20.306899;32.351427;0.500000
P320;;21.176520;32.845147;0.500000
P321;;22.046141;33.338868;0.500000
P322;;22.915762;33.832588;0.500000
P323;;23.785382;34.326308;0.500000
P324;;24.655003;34.820028;0.500000
P325;;25.524624;35.313748;0.500000
P326;;26.394245;35.807469;0.500000
P327;;27.263866;36.301189;0.500000
P328;;28.133486;36.794909;0.500000
P329;;29.003107;37.288629;0.500000
P330;;29.872728;37.782349;0.500000
P331;;30.742349;38.276070;0.500000
P332;;31.774518;38.862076;0.200000
P333;;31.816722;38.975924;0.200000
P334;;31.877781;39.080873;0.200000
P335;;31.955893;39.173830;0.200000
P336;;32.048757;39.252052;0.200000
P337;;32.153635;39.313235;0.200000
P338;;33.095298;38.976680;0.500000
P339;;34.036962;38.640125;0.500000
P340;;34.978626;38.303570;0.500000
P341;;35.920290;37.967015;0.500000
P342;;36.861954;37.630460;0.500000
P343;;37.803617;37.293905;0.500000
P344;;38.745281;36.957350;0.500000
P345;;39.686945;36.620795;0.500000
P346;;40.628609;36.284240;0.500000
P347;;41.570273;35.947684;0.500000
P348;;42.511936;35.611129;0.500000
P349;;44.284180;34.977721;0.200000
P350;;44.212691;35.217843;0.200000
P351;;44.319443;35.129000;0.200000
P352;;44.399928;35.008453;0.200000
P353;;44.463434;34.877532;0.200000
P354;;44.513460;34.752005;0.200000
P355;;44.551216;34.645991;0.200000
P356;;44.576782;33.536159;0.500000
P357;;44.315575;32.570876;0.500000
P358;;44.054368;31.605593;0.500000
P359;;43.793161;30.640310;0.500000
P360;;43.531954;29.675028;0.500000
P361;;43.270746;28.709745;0.500000
P362;;42.752356;26.794051;0.200000
P363;;42.819785;26.633544;0.200000
P364;;42.845952;26.461426;0.200000
P365;;42.829271;26.288131;0.200000
P366;;42.770754;26.124165;0.200000
P367;;42.673948;25.979466;0.200000
P368;;41.676564;25.907176;0.500000
P369;;40.679181;25.834886;0.500000
P370;;39.681797;25.762597;0.500000
P371;;38.684413;25.690307;0.500000
P372;;37.687030;25.618017;0.500000
P373;;36.689646;25.545727;0.500000
P374;;35.692262;25.473437;0.500000
P375;;34.694879;25.401147;0.500000
P376;;33.697495;25.328857;0.500000
P377;;32.700111;25.256567;0.500000
P378;;31.702728;25.184277;0.500000
P379;;30.705344;25.111987;0.500000
P380;;29.707960;25.039698;0.500000
P381;;27.837038;24.904094;0.200000
P382;;27.753910;24.822620;0.200000
P383;;27.658543;24.755887;0.200000
P384;;27.553521;24.705703;0.200000
P385;;27.441689;24.673429;0.200000
P386;;27.326077;24.659937;0.200000
P387;;26.595497;25.342765;0.500000
P388;;25.864918;26.025593;0.500000
P389;;25.134339;26.708421;0.500000
P390;;24.403760;27.391249;0.500000
P391;;23.673181;28.074077;0.500000
P392;;22.942601;28.756905;0.500000
P393;;22.212022;29.439733;0.500000
P394;;21.481443;30.122561;0.500000
P395;;20.645767;30.903617;0.200000
P396;;20.385447;30.943916;0.200000
P397;;20.157942;31.076699;0.200000
P398;;19.994823;31.283538;0.200000
P399;;19.918730;31.535729;0.200000
P400;;19.940221;31.798271;0.200000
P401;;20.809841;32.291991;0.500000
P402;;21.679462;32.785711;0.500000
P403;;22.549083;33.279431;0.500000
P404;;23.418704;33.773151;0.500000
P405;;24.288325;34.266871;0.500000
P406;;25.157945;34.760592;0.500000
P407;;26.027566;35.254312;0.500000
P408;;26.897187;35.748032;0.500000
P409;;27.766808;36.241752;0.500000
P410;;28.636429;36.735473;0.500000
P411;;29.506050;37.229193;0.500000
P412;;30.375670;37.722913;0.500000
P413;;31.803047;38.533294;0.200000
P414;;31.845251;38.647142;0.200000
P415;;31.906309;38.752092;0.200000
P416;;31.984422;38.845048;0.200000
P417;;32.077286;38.923271;0.200000
P418;;32.182163;38.984454;0.200000
P419;;33.123827;38.647898;0.500000
P420;;34.065491;38.311343;0.500000
P421;;35.007154;37.974788;0.500000
P422;;35.948818;37.638233;0.500000
P423;;36.890482;37.301678;0.500000
P424;;37.832146;36.965123;0.500000
P425;;38.773810;36.628568;0.500000
P426;;39.715473;36.292013;0.500000
P427;;40.657137;35.955458;0.500000
P428;;41.598801;35.618903;0.500000
P429;;42.540465;35.282348;0.500000
P430;;43.922190;34.788513;0.200000
P431;;43.850704;35.028637;0.200000
P432;;43.957457;34.939793;0.200000
P433;;44.037941;34.819247;0.200000
P434;;44.101447;34.688325;0.200000
P435;;44.151469;34.562798;0.200000
P436;;44.189228;34.456784;0.200000
P437;;44.214793;33.346950;0.500000
P438;;43.953585;32.381668;0.500000
P439;;43.692378;31.416385;0.500000
P440;;43.431171;30.451102;0.500000
P441;;43.169964;29.485819;0.500000
P442;;42.908757;28.520537;0.500000
P443;;42.518371;27.077879;0.200000
P444;;42.585799;26.917371;0.200000
P445;;42.611966;26.745254;0.200000
P446;;42.595285;26.571959;0.200000
P447;;42.536769;26.407993;0.200000
P448;;42.439963;26.263294;0.200000
P449;;41.442579;26.191004;0.500000
P450;;40.445195;26.118714;0.500000
P451;;39.447812;26.046424;0.500000
P452;;38.450428;25.974134;0.500000
P453;;37.453044;25.901845;0.500000
P454;;36.455661;25.829555;0.500000
P455;;35.458277;25.757265;0.500000
P456;;34.460893;25.684975;0.500000
P457;;33.463510;25.612685;0.500000
P458;;32.466126;25.540395;0.500000
P459;;31.468742;25.468105;0.500000
P460;;30.471359;25.395815;0.500000
P461;;29.473975;25.323525;0.500000
P462;;27.946107;25.212786;0.200000
P463;;27.862980;25.131312;0.200000
P464;;27.767613;25.064579;0.200000
P465;;27.662591;25.014396;0.200000
P466;;27.550758;24.982121;0.200000
P467;;27.435146;24.968630;0.200000
P468;;26.704567;25.651457;0.500000
P469;;25.973988;26.334285;0.500000
P470;;25.243409;27.017113;0.500000
P471;;24.512829;27.699941;0.500000
P472;;23.782250;28.382769;0.500000
P473;;23.051671;29.065597;0.500000
P474;;22.321092;29.748425;0.500000
P475;;21.148709;30.844180;0.200000
P476;;20.888390;30.884480;0.200000
P477;;20.660884;31.017263;0.200000
P478;;20.497766;31.224102;0.200000
P479;;20.421672;31.476292;0.200000
P480;;20.443163;31.738834;0.200000
P481;;21.312784;32.232554;0.500000
P482;;22.182405;32.726274;0.500000
P483;;23.052025;33.219995;0.500000
P484;;23.921646;33.713715;0.500000
P485;;24.791267;34.207435;0.500000
P486;;25.660888;34.701155;0.500000
P487;;26.530509;35.194875;0.500000
P488;;27.400129;35.688596;0.500000
P489;;28.269750;36.182316;0.500000
P490;;29.139371;36.676036;0.500000
P491;;30.008992;37.169756;0.500000
P492;;30.878613;37.663476;0.500000
P493;;31.831575;38.204513;0.200000
P494;;31.873779;38.318361;0.200000
P495;;31.934837;38.423311;0.200000
P496;;32.012950;38.516267;0.200000
P497;;32.105814;38.594490;0.200000
P498;;32.210691;38.655672;0.200000
P499;;33.152355;38.319117;0.500000
P500;;34.094019;37.982562;0.500000
P501;;35.035683;37.646007;0.500000
P502;;35.977346;37.309452;0.500000
P503;;36.919010;36.972897;0.500000
P504;;37.860674;36.636342;0.500000
P505;;38.802338;36.299787;0.500000
P506;;39.744002;35.963232;0.500000
P507;;40.685666;35.626677;0.500000
P508;;41.627329;35.290122;0.500000
P509;;42.568993;34.953567;0.500000
P510;;43.560200;34.599305;0.200000
P511;;43.488711;34.839426;0.200000
P512;;43.595463;34.750582;0.200000
P513;;43.675947;34.630035;0.200000
P514;;43.739453;34.499113;0.200000
P515;;43.789479;34.373586;0.200000
P516;;43.827234;34.267573;0.200000
P517;;43.852803;33.157742;0.500000
P518;;43.591595;32.192459;0.500000
P519;;43.330388;31.227177;0.500000
P520;;43.069181;30.261894;0.500000
P521;;42.807974;29.296611;0.500000
P522;;42.546767;28.331328;0.500000
P523;;42.284385;27.361707;0.200000
P524;;42.351814;27.201199;0.200000
P525;;42.377981;27.029081;0.200000
P526;;42.361300;26.855787;0.200000
P527;;42.302783;26.691821;0.200000
P528;;42.205977;26.547122;0.200000
P529;;41.208593;26.474832;0.500000
P530;;40.211210;26.402542;0.500000
P531;;39.213826;26.330252;0.500000
P532;;38.216442;26.257962;0.500000
P533;;37.219059;26.185672;0.500000
P534;;36.221675;26.113382;0.500000
P535;;35.224291;26.041093;0.500000
P536;;34.226908;25.968803;0.500000
P537;;33.229524;25.896513;0.500000
P538;;32.232140;25.824223;0.500000
P539;;31.234757;25.751933;0.500000
P540;;30.237373;25.679643;0.500000
P541;;29.239989;25.607353;0.500000
P542;;28.055177;25.521478;0.200000
P543;;27.972050;25.440005;0.200000
P544;;27.876683;25.373272;0.200000
P545;;27.771660;25.323088;0.200000
P546;;27.659828;25.290813;0.200000
P547;;27.544216;25.277322;0.200000
P548;;26.813637;25.960150;0.500000
P549;;26.083058;26.642978;0.500000
P550;;25.352478;27.325806;0.500000
P551;;24.621899;28.008634;0.500000
P552;;23.891320;28.691462;0.500000
P553;;23.160741;29.374290;0.500000
P554;;22.430162;30.057117;0.500000
P555;;21.651651;30.784744;0.200000
P556;;21.391332;30.825043;0.200000
P557;;21.163827;30.957826;0.200000
P558;;21.000708;31.164665;0.200000
P559;;20.924614;31.416856;0.200000
P560;;20.946105;31.679398;0.200000
P561;;21.815726;32.173118;0.500000
P562;;22.685347;32.666838;0.500000
P563;;23.554968;33.160558;0.500000
P564;;24.424588;33.654278;0.500000
P565;;25.294209;34.147998;0.500000
P566;;26.163830;34.641719;0.500000
P567;;27.033451;35.135439;0.500000
P568;;27.903072;35.629159;0.500000
P569;;28.772693;36.122879;0.500000
P570;;29.642313;36.616600;0.500000
P571;;30.511934;37.110320;0.500000
P572;;31.860104;37.875732;0.200000
P573;;31.902307;37.989580;0.200000
P574;;31.963366;38.094529;0.200000
P575;;32.041478;38.187486;0.200000
P576;;32.134342;38.265709;0.200000
P577;;32.239220;38.326891;0.200000
P578;;33.180883;37.990336;0.500000
P579;;34.122547;37.653781;0.500000
P580;;35.064211;37.317226;0.500000
P581;;36.005875;36.980671;0.500000
P582;;36.947539;36.644116;0.500000
P583;;37.889202;36.307561;0.500000
P584;;38.830866;35.971006;0.500000
P585;;39.772530;35.634451;0.500000
P586;;40.714194;35.297896;0.500000
P587;;41.655858;34.961341;0.500000
P588;;43.198210;34.410097;0.200000
P589;;43.126722;34.650218;0.200000
P590;;43.233474;34.561375;0.200000
P591;;43.313959;34.440828;0.200000
P592;;43.377465;34.309907;0.200000
P593;;43.427492;34.184380;0.200000
P594;;43.465248;34.078366;0.200000
P595;;43.490813;32.968534;0.500000
P596;;43.229606;32.003251;0.500000
P597;;42.968398;31.037969;0.500000
P598;;42.707191;30.072686;0.500000
P599;;42.445984;29.107403;0.500000
P600;;42.050400;27.645534;0.200000
P601;;42.117828;27.485027;0.200000
P602;;42.143995;27.312909;0.200000
P603;;42.127315;27.139615;0.200000
P604;;42.068798;26.975649;0.200000
P605;;41.971992;26.830950;0.200000
P606;;40.974608;26.758660;0.500000
P607;;39.977224;26.686370;0.500000
P608;;38.979841;26.614080;0.500000
P609;;37.982457;26.541790;0.500000
P610;;36.985073;26.469500;0.500000
P611;;35.987690;26.397210;0.500000
P612;;34.990306;26.324920;0.500000
P613;;33.992922;26.252630;0.500000
P614;;32.995539;26.180341;0.500000
P615;;31.998155;26.108051;0.500000
P616;;31.000771;26.035761;0.500000
P617;;30.003388;25.963471;0.500000
P618;;28.164247;25.830171;0.200000
P619;;28.081120;25.748697;0.200000
P620;;27.985753;25.681964;0.200000
P621;;27.880730;25.631780;0.200000
P622;;27.768898;25.599505;0.200000
P623;;27.653286;25.586014;0.200000
P624;;26.922706;26.268842;0.500000
P625;;26.192127;26.951670;0.500000
P626;;25.461548;27.634498;0.500000
P627;;24.730969;28.317326;0.500000
P628;;24.000390;29.000154;0.500000
P629;;23.269810;29.682982;0.500000
P630;;22.154594;30.725307;0.200000
P631;;21.894274;30.765607;0.200000
P632;;21.666769;30.898390;0.200000
P633;;21.503650;31.105229;0.200000
P634;;21.427557;31.357419;0.200000
P635;;21.449048;31.619961;0.200000
P636;;22.318668;32.113681;0.500000
P637;;23.188289;32.607401;0.500000
P638;;24.057910;33.101122;0.500000
P639;;24.927531;33.594842;0.500000
P640;;25.797152;34.088562;0.500000
P641;;26.666772;34.582282;0.500000
P642;;27.536393;35.076002;0.500000
P643;;28.406014;35.569723;0.500000
P644;;29.275635;36.063443;0.500000
P645;;30.145256;36.557163;0.500000
P646;;31.014876;37.050883;0.500000
P647;;31.888632;37.546951;0.200000
P648;;31.930836;37.660799;0.200000
P649;;31.991894;37.765748;0.200000
P650;;32.070007;37.858705;0.200000
P651;;32.162871;37.936927;0.200000
P652;;32.267748;37.998110;0.200000
P653;;33.209412;37.661555;0.500000
P654;;34.151076;37.325000;0.500000
P655;;35.092739;36.988445;0.500000
P656;;36.034403;36.651890;0.500000
P657;;36.976067;36.315335;0.500000
P658;;37.917731;35.978780;0.500000
P659;;38.859395;35.642225;0.500000
P660;;39.801058;35.305670;0.500000
P661;;40.742722;34.969115;0.500000
P662;;41.684386;34.632560;0.500000
P663;;42.836221;34.220888;0.200000
P664;;42.764735;34.461012;0.200000
P665;;42.871488;34.372168;0.200000
P666;;42.951973;34.251622;0.200000
P667;;43.015479;34.120700;0.200000
P668;;43.065501;33.995173;0.200000
P669;;43.103259;33.889159;0.200000
P670;;43.128823;32.779326;0.500000
P671;;42.867616;31.814043;0.500000
P672;;42.606409;30.848760;0.500000
P673;;42.345201;29.883478;0.500000
P674;;42.083994;28.918195;0.500000
P675;;41.816414;27.929362;0.200000
P676;;41.883843;27.768855;0.200000
P677;;41.910010;27.596737;0.200000
P678;;41.893329;27.423443;0.200000
P679;;41.834812;27.259476;0.200000
P680;;41.738006;27.114777;0.200000
P681;;40.740622;27.042488;0.500000
P682;;39.743239;26.970198;0.500000
P683;;38.745855;26.897908;0.500000
P684;;37.748471;26.825618;0.500000
P685;;36.751088;26.753328;0.500000
P686;;35.753704;26.681038;0.500000
P687;;34.756320;26.608748;0.500000
P688;;33.758937;26.536458;0.500000
P689;;32.761553;26.464168;0.500000
P690;;31.764169;26.391878;0.500000
P691;;30.766786;26.319589;0.500000
P692;;29.769402;26.247299;0.500000
P693;;28.273317;26.138863;0.200000
P694;;28.190189;26.057389;0.200000
P695;;28.094822;25.990656;0.200000
P696;;27.989800;25.940473;0.200000
P697;;27.877967;25.908198;0.200000
P698;;27.762355;25.894706;0.200000
P699;;27.031776;26.577534;0.500000
P700;;26.301197;27.260362;0.500000
P701;;25.570618;27.943190;0.500000
P702;;24.840039;28.626018;0.500000
P703;;24.109459;29.308846;0.500000
P704;;22.657536;30.665871;0.200000
P705;;22.397217;30.706170;0.200000
P706;;22.169711;30.838953;0.200000
P707;;22.006593;31.045792;0.200000
P708;;21.930499;31.297983;0.200000
P709;;21.951990;31.560525;0.200000
P710;;22.821611;32.054245;0.500000
P711;;23.691231;32.547965;0.500000
P712;;24.560852;33.041685;0.500000
P713;;25.430473;33.535405;0.500000
P714;;26.300094;34.029125;0.500000
P715;;27.169715;34.522846;0.500000
P716;;28.039336;35.016566;0.500000
P717;;28.908956;35.510286;0.500000
P718;;29.778577;36.004006;0.500000
P719;;30.648198;36.497727;0.500000
P720;;31.917160;37.218170;0.200000
P721;;31.959364;37.332018;0.200000
P722;;32.020422;37.436967;0.200000
P723;;32.098535;37.529924;0.200000
P724;;32.191399;37.608146;0.200000
P725;;32.296276;37.669329;0.200000
P726;;33.237940;37.332774;0.500000
P727;;34.179604;36.996219;0.500000
P728;;35.121268;36.659664;0.500000
P729;;36.062932;36.323109;0.500000
P730;;37.004595;35.986554;0.500000
P731;;37.946259;35.649998;0.500000
P732;;38.887923;35.313443;0.500000
P733;;39.829587;34.976888;0.500000
P734;;40.771251;34.640333;0.500000
P735;;42.474231;34.031680;0.200000
P736;;42.402743;34.271805;0.200000
P737;;42.509495;34.182961;0.200000
P738;;42.589979;34.062410;0.200000
P739;;42.653485;33.931493;0.200000
P740;;42.703511;33.805966;0.200000
P741;;42.741267;33.699948;0.200000
P742;;42.766833;32.590118;0.500000
P743;;42.505626;31.624835;0.500000
P744;;42.244419;30.659552;0.500000
P745;;41.983212;29.694269;0.500000
P746;;41.582429;28.213190;0.200000
P747;;41.649857;28.052683;0.200000
P748;;41.676024;27.880565;0.200000
P749;;41.659344;27.707270;0.200000
P750;;41.600827;27.543304;0.200000
P751;;41.504021;27.398605;0.200000
P752;;40.506637;27.326315;0.500000
P753;;39.509253;27.254025;0.500000
P754;;38.511870;27.181736;0.500000
P755;;37.514486;27.109446;0.500000
P756;;36.517102;27.037156;0.500000
P757;;35.519719;26.964866;0.500000
P758;;34.522335;26.892576;0.500000
P759;;33.524951;26.820286;0.500000
P760;;32.527568;26.747996;0.500000
P761;;31.530184;26.675706;0.500000
P762;;30.532800;26.603416;0.500000
P763;;29.535417;26.531126;0.500000
P764;;28.382386;26.447555;0.200000
P765;;28.299259;26.366081;0.200000
P766;;28.203892;26.299349;0.200000
P767;;28.098869;26.249165;0.200000
P768;;27.987037;26.216890;0.200000
P769;;27.871425;26.203399;0.200000
P770;;27.140846;26.886227;0.500000
P771;;26.410267;27.569055;0.500000
P772;;25.679687;28.251882;0.500000
P773;;24.949108;28.934710;0.500000
P774;;24.218529;29.617538;0.500000
P775;;23.160478;30.606434;0.200000
P776;;22.900159;30.646734;0.200000
P777;;22.672654;30.779517;0.200000
P778;;22.509535;30.986356;0.200000
P779;;22.433441;31.238546;0.200000
P780;;22.454932;31.501088;0.200000
P781;;23.324553;31.994808;0.500000
P782;;24.194174;32.488528;0.500000
P783;;25.063795;32.982249;0.500000
P784;;25.933415;33.475969;0.500000
P785;;26.803036;33.969689;0.500000
P786;;27.672657;34.463409;0.500000
P787;;28.542278;34.957129;0.500000
P788;;29.411899;35.450850;0.500000
P789;;30.281519;35.944570;0.500000
P790;;31.945689;36.889388;0.200000
P791;;31.987892;37.003236;0.200000
P792;;32.048951;37.108186;0.200000
P793;;32.127063;37.201142;0.200000
P794;;32.219928;37.279365;0.200000
P795;;32.324805;37.340548;0.200000
P796;;33.266468;37.003992;0.500000
P797;;34.208132;36.667437;0.500000
P798;;35.149796;36.330882;0.500000
P799;;36.091460;35.994327;0.500000
P800;;37.033124;35.657772;0.500000
P801;;37.974787;35.321217;0.500000
P802;;38.916451;34.984662;0.500000
P803;;39.858115;34.648107;0.500000
P804;;40.799779;34.311552;0.500000
P805;;42.112241;33.842472;0.200000
P806;;42.040755;34.082594;0.200000
P807;;42.147508;33.993750;0.200000
P808;;42.227992;33.873204;0.200000
P809;;42.291498;33.742282;0.200000
P810;;42.341520;33.616755;0.200000
P811;;42.379279;33.510741;0.200000
P812;;42.404843;32.400909;0.500000
P813;;42.143636;31.435627;0.500000
P814;;41.882429;30.470344;0.500000
P815;;41.621222;29.505061;0.500000
P816;;41.348443;28.497018;0.200000
P817;;41.415872;28.336510;0.200000
P818;;41.442039;28.164393;0.200000
P819;;41.425358;27.991098;0.200000
P820;;41.366841;27.827132;0.200000
P821;;41.270035;27.682433;0.200000
P822;;40.272651;27.610143;0.500000
P823;;39.275268;27.537853;0.500000
P824;;38.277884;27.465563;0.500000
P825;;37.280500;27.393273;0.500000
P826;;36.283117;27.320984;0.500000
P827;;35.285733;27.248694;0.500000
P828;;34.288349;27.176404;0.500000
P829;;33.290966;27.104114;0.500000
P830;;32.293582;27.031824;0.500000
P831;;31.296198;26.959534;0.500000
P832;;30.298815;26.887244;0.500000
P833;;28.491456;26.756248;0.200000
P834;;28.408329;26.674774;0.200000
P835;;28.312962;26.608041;0.200000
P836;;28.207939;26.557857;0.200000
P837;;28.096107;26.525582;0.200000
P838;;27.980495;26.512091;0.200000
P839;;27.249916;27.194919;0.500000
P840;;26.519336;27.877747;0.500000
P841;;25.788757;28.560575;0.500000
P842;;25.058178;29.243403;0.500000
P843;;23.663421;30.546998;0.200000
P844;;23.403101;30.587297;0.200000
P845;;23.175596;30.720080;0.200000
P846;;23.012477;30.926919;0.200000
P847;;22.936383;31.179110;0.200000
P848;;22.957874;31.441652;0.200000
P849;;23.827495;31.935372;0.500000
P850;;24.697116;32.429092;0.500000
P851;;25.566737;32.922812;0.500000
P852;;26.436358;33.416532;0.500000
P853;;27.305979;33.910252;0.500000
P854;;28.175599;34.403973;0.500000
P855;;29.045220;34.897693;0.500000
P856;;29.914841;35.391413;0.500000
P857;;30.784462;35.885133;0.500000
P858;;31.974217;36.560607;0.200000
P859;;32.016421;36.674455;0.200000
P860;;32.077479;36.779405;0.200000
P861;;32.155592;36.872361;0.200000
P862;;32.248456;36.950584;0.200000
P863;;32.353333;37.011766;0.200000
P864;;33.294997;36.675211;0.500000
P865;;34.236661;36.338656;0.500000
P866;;35.178324;36.002101;0.500000
P867;;36.119988;35.665546;0.500000
P868;;37.061652;35.328991;0.500000
P869;;38.003316;34.992436;0.500000
P870;;38.944980;34.655881;0.500000
P871;;39.886643;34.319326;0.500000
P872;;41.750251;33.653264;0.200000
P873;;41.678762;33.893386;0.200000
P874;;41.785514;33.804543;0.200000
P875;;41.865999;33.683992;0.200000
P876;;41.929504;33.553074;0.200000
P877;;41.979530;33.427547;0.200000
P878;;42.017285;33.321530;0.200000
P879;;42.042853;32.211701;0.500000
P880;;41.781646;31.246418;0.500000
P881;;41.520439;30.281136;0.500000
P882;;41.114458;28.780846;0.200000
P883;;41.181886;28.620338;0.200000
P884;;41.208053;28.448220;0.200000
P885;;41.191373;28.274926;0.200000
P886;;41.132856;28.110960;0.200000
P887;;41.036050;27.966261;0.200000
P888;;40.038666;27.893971;0.500000
P889;;39.041282;27.821681;0.500000
P890;;38.043899;27.749391;0.500000
P891;;37.046515;27.677101;0.500000
P892;;36.049131;27.604811;0.500000
P893;;35.051748;27.532521;0.500000
P894;;34.054364;27.460232;0.500000
P895;;33.056980;27.387942;0.500000
P896;;32.059597;27.315652;0.500000
P897;;31.062213;27.243362;0.500000
P898;;30.064829;27.171072;0.500000
P899;;28.600526;27.064940;0.200000
P900;;28.517398;26.983466;0.200000
P901;;28.422031;26.916733;0.200000
P902;;28.317009;26.866549;0.200000
P903;;28.205176;26.834275;0.200000
P904;;28.089565;26.820783;0.200000
P905;;27.358985;27.503611;0.500000
P906;;26.628406;28.186439;0.500000
P907;;25.897827;28.869267;0.500000
P908;;25.167248;29.552095;0.500000
P909;;24.166363;30.487561;0.200000
P910;;23.906044;30.527861;0.200000
P911;;23.678538;30.660644;0.200000
P912;;23.515420;30.867483;0.200000
P913;;23.439326;31.119673;0.200000
P914;;23.460817;31.382215;0.200000
P915;;24.330438;31.875935;0.500000
P916;;25.200058;32.369655;0.500000
P917;;26.069679;32.863376;0.500000
P918;;26.939300;33.357096;0.500000
P919;;27.808921;33.850816;0.500000
P920;;28.678542;34.344536;0.500000
P921;;29.548162;34.838256;0.500000
P922;;30.417783;35.331977;0.500000
P923;;32.002745;36.231826;0.200000
P924;;32.044949;36.345674;0.200000
P925;;32.106007;36.450623;0.200000
P926;;32.184120;36.543580;0.200000
P927;;32.276984;36.621803;0.200000
P928;;32.381861;36.682985;0.200000
P929;;33.323525;36.346430;0.500000
P930;;34.265189;36.009875;0.500000
P931;;35.206853;35.673320;0.500000
P932;;36.148517;35.336765;0.500000
P933;;37.090180;35.000210;0.500000
P934;;38.031844;34.663655;0.500000
P935;;38.973508;34.327100;0.500000
P936;;39.915172;33.990545;0.500000
P937;;41.388261;33.464056;0.200000
P938;;41.316773;33.704179;0.200000
P939;;41.423525;33.615336;0.200000
P940;;41.504010;33.494785;0.200000
P941;;41.567516;33.363868;0.200000
P942;;41.617543;33.238341;0.200000
P943;;41.655298;33.132325;0.200000
P944;;41.680864;32.022493;0.500000
P945;;41.419656;31.057210;0.500000
P946;;41.158449;30.091927;0.500000
P947;;40.880472;29.064673;0.200000
P948;;40.947901;28.904166;0.200000
P949;;40.974068;28.732048;0.200000
P950;;40.957387;28.558754;0.200000
P951;;40.898870;28.394788;0.200000
P952;;40.802064;28.250089;0.200000
P953;;39.804680;28.177799;0.500000
P954;;38.807297;28.105509;0.500000
P955;;37.809913;28.033219;0.500000
P956;;36.812529;27.960929;0.500000
P957;;35.815146;27.888639;0.500000
P958;;34.817762;27.816349;0.500000
P959;;33.820378;27.744059;0.500000
P960;;32.822995;27.671769;0.500000
P961;;31.825611;27.599480;0.500000
P962;;30.828228;27.527190;0.500000
P963;;29.830844;27.454900;0.500000
P964;;28.709595;27.373632;0.200000
P965;;28.626468;27.292158;0.200000
P966;;28.531101;27.225425;0.200000
P967;;28.426079;27.175242;0.200000
P968;;28.314246;27.142967;0.200000
P969;;28.198634;27.129475;0.200000
P970;;27.468055;27.812303;0.500000
P971;;26.737476;28.495131;0.500000
P972;;26.006897;29.177959;0.500000
P973;;24.669305;30.428125;0.200000
P974;;24.408986;30.468424;0.200000
P975;;24.181481;30.601207;0.200000
P976;;24.018362;30.808046;0.200000
P977;;23.942268;31.060237;0.200000
P978;;23.963759;31.322779;0.200000
P979;;24.833380;31.816499;0.500000
P980;;25.703001;32.310219;0.500000
P981;;26.572622;32.803939;0.500000
P982;;27.442242;33.297659;0.500000
P983;;28.311863;33.791379;0.500000
P984;;29.181484;34.285100;0.500000
P985;;30.051105;34.778820;0.500000
P986;;30.920726;35.272540;0.500000
P987;;32.031274;35.903045;0.200000
P988;;32.073477;36.016893;0.200000
P989;;32.134536;36.121842;0.200000
P990;;32.212649;36.214799;0.200000
P991;;32.305513;36.293021;0.200000
P992;;32.410390;36.354204;0.200000
P993;;33.352054;36.017649;0.500000
P994;;34.293717;35.681094;0.500000
P995;;35.235381;35.344539;0.500000
P996;;36.177045;35.007984;0.500000
P997;;37.118709;34.671429;0.500000
P998;;38.060372;34.334874;0.500000
P999;;39.002036;33.998319;0.500000
P1000;;39.943700;33.661764;0.500000
P1001;;41.026271;33.274847;0.200000
P1002;;40.954787;33.514969;0.200000
P1003;;41.061539;33.426125;0.200000
P1004;;41.142024;33.305579;0.200000
P1005;;41.205529;33.174657;0.200000
P1006;;41.255551;33.049132;0.200000
P1007;;41.293310;32.943114;0.200000
P1008;;41.318874;31.833285;0.500000
P1009;;41.057667;30.868002;0.500000
P1010;;40.646487;29.348501;0.200000
P1011;;40.713915;29.187994;0.200000
P1012;;40.740082;29.015876;0.200000
P1013;;40.723402;28.842582;0.200000
P1014;;40.664885;28.678615;0.200000
P1015;;40.568079;28.533916;0.200000
P1016;;39.570695;28.461627;0.500000
P1017;;38.573311;28.389337;0.500000
P1018;;37.575928;28.317047;0.500000
P1019;;36.578544;28.244757;0.500000
P1020;;35.581160;28.172467;0.500000
P1021;;34.583777;28.100177;0.500000
P1022;;33.586393;28.027887;0.500000
P1023;;32.589009;27.955597;0.500000
P1024;;31.591626;27.883307;0.500000
P1025;;30.594242;27.811017;0.500000
P1026;;28.818665;27.682324;0.200000
P1027;;28.735538;27.600851;0.200000
P1028;;28.640171;27.534118;0.200000
P1029;;28.535148;27.483934;0.200000
P1030;;28.423316;27.451659;0.200000
P1031;;28.307704;27.438168;0.200000
P1032;;27.577125;28.120996;0.500000
P1033;;26.846545;28.803824;0.500000
P1034;;26.115966;29.486652;0.500000
P1035;;25.172248;30.368688;0.200000
P1036;;24.911928;30.408988;0.200000
P1037;;24.684423;30.541771;0.200000
P1038;;24.521304;30.748610;0.200000
P1039;;24.445210;31.000800;0.200000
P1040;;24.466701;31.263342;0.200000
P1041;;25.336322;31.757062;0.500000
P1042;;26.205943;32.250782;0.500000
P1043;;27.075564;32.744503;0.500000
P1044;;27.945185;33.238223;0.500000
P1045;;28.814805;33.731943;0.500000
P1046;;29.684426;34.225663;0.500000
P1047;;30.554047;34.719383;0.500000
P1048;;32.059802;35.574264;0.200000
P1049;;32.102006;35.688112;0.200000
P1050;;32.163064;35.793061;0.200000
P1051;;32.241177;35.886018;0.200000
P1052;;32.334041;35.964240;0.200000
P1053;;32.438918;36.025423;0.200000
P1054;;33.380582;35.688868;0.500000
P1055;;34.322246;35.352313;0.500000
P1056;;35.263909;35.015758;0.500000
P1057;;36.205573;34.679202;0.500000
P1058;;37.147237;34.342647;0.500000
P1059;;38.088901;34.006092;0.500000
P1060;;39.030565;33.669537;0.500000
P1061;;40.664282;33.085639;0.200000
P1062;;40.592793;33.325761;0.200000
P1063;;40.699545;33.236918;0.200000
P1064;;40.780030;33.116369;0.200000
P1065;;40.843536;32.985450;0.200000
P1066;;40.893562;32.859924;0.200000
P1067;;40.931318;32.753907;0.200000
P1068;;40.956884;31.644077;0.500000
P1069;;40.695677;30.678794;0.500000
P1070;;40.412501;29.632329;0.200000
P1071;;40.479930;29.471822;0.200000
P1072;;40.506097;29.299704;0.200000
P1073;;40.489416;29.126409;0.200000
P1074;;40.430899;28.962443;0.200000
P1075;;40.334093;28.817744;0.200000
P1076;;39.336710;28.745454;0.500000
P1077;;38.339326;28.673164;0.500000
P1078;;37.341942;28.600875;0.500000
P1079;;36.344559;28.528585;0.500000
P1080;;35.347175;28.456295;0.500000
P1081;;34.349791;28.384005;0.500000
P1082;;33.352408;28.311715;0.500000
P1083;;32.355024;28.239425;0.500000
P1084;;31.357640;28.167135;0.500000
P1085;;30.360257;28.094845;0.500000
P1086;;28.927735;27.991017;0.200000
P1087;;28.844607;27.909543;0.200000
P1088;;28.749240;27.842810;0.200000
P1089;;28.644218;27.792626;0.200000
P1090;;28.532386;27.760351;0.200000
P1091;;28.416774;27.746860;0.200000
P1092;;27.686194;28.429688;0.500000
P1093;;26.955615;29.112516;0.500000
P1094;;25.675190;30.309252;0.200000
P1095;;25.414871;30.349551;0.200000
P1096;;25.187365;30.482334;0.200000
P1097;;25.024247;30.689173;0.200000
P1098;;24.948153;30.941364;0.200000
P1099;;24.969644;31.203906;0.200000
P1100;;25.839265;31.697626;0.500000
P1101;;26.708885;32.191346;0.500000
P1102;;27.578506;32.685066;0.500000
P1103;;28.448127;33.178786;0.500000
P1104;;29.317748;33.672506;0.500000
P1105;;30.187369;34.166227;0.500000
P1106;;31.056989;34.659947;0.500000
P1107;;32.088330;35.245482;0.200000
P1108;;32.130534;35.359330;0.200000
P1109;;32.191592;35.464280;0.200000
P1110;;32.269705;35.557236;0.200000
P1111;;32.362569;35.635459;0.200000
P1112;;32.467446;35.696641;0.200000
P1113;;33.409110;35.360086;0.500000
P1114;;34.350774;35.023531;0.500000
P1115;;35.292438;34.686976;0.500000
P1116;;36.234102;34.350421;0.500000
P1117;;37.175765;34.013866;0.500000
P1118;;38.117429;33.677311;0.500000
P1119;;39.059093;33.340756;0.500000
P1120;;40.302292;32.896431;0.200000
P1121;;40.230806;33.136555;0.200000
P1122;;40.337558;33.047711;0.200000
P1123;;40.418043;32.927163;0.200000
P1124;;40.481549;32.796243;0.200000
P1125;;40.531571;32.670716;0.200000
P1126;;40.569330;32.564700;0.200000
P1127;;40.594894;31.454868;0.500000
P1128;;40.178516;29.916157;0.200000
P1129;;40.245944;29.755649;0.200000
P1130;;40.272111;29.583532;0.200000
P1131;;40.255431;29.410237;0.200000
P1132;;40.196914;29.246271;0.200000
P1133;;40.100108;29.101572;0.200000
P1134;;39.102724;29.029282;0.500000
P1135;;38.105340;28.956992;0.500000
P1136;;37.107957;28.884702;0.500000
P1137;;36.110573;28.812412;0.500000
P1138;;35.113189;28.740123;0.500000
P1139;;34.115806;28.667833;0.500000
P1140;;33.118422;28.595543;0.500000
P1141;;32.121038;28.523253;0.500000
P1142;;31.123655;28.450963;0.500000
P1143;;30.126271;28.378673;0.500000
P1144;;29.036804;28.299709;0.200000
P1145;;28.953677;28.218235;0.200000
P1146;;28.858310;28.151502;0.200000
P1147;;28.753288;28.101318;0.200000
P1148;;28.641455;28.069044;0.200000
P1149;;28.525843;28.055552;0.200000
P1150;;27.795264;28.738380;0.500000
P1151;;27.064685;29.421208;0.500000
P1152;;26.178132;30.368688;0.200000
P1153;;25.917813;30.408988;0.200000
P1154;;25.690307;30.541771;0.200000
P1155;;25.527189;30.748610;0.200000
P1156;;25.451095;31.000800;0.200000
P1157;;25.472586;31.263342;0.200000
P1158;;26.342207;31.757062;0.500000
P1159;;27.211828;32.250782;0.500000
P1160;;28.081448;32.744503;0.500000
P1161;;28.951069;33.238223;0.500000
P1162;;29.820690;33.731943;0.500000
P1163;;30.690311;34.225663;0.500000
P1164;;32.116859;34.916701;0.200000
P1165;;32.159062;35.030549;0.200000
P1166;;32.220121;35.135499;0.200000
P1167;;32.298234;35.228455;0.200000
P1168;;32.391098;35.306678;0.200000
P1169;;32.495975;35.367860;0.200000
P1170;;33.437639;35.031305;0.500000
P1171;;34.379302;34.694750;0.500000
P1172;;35.320966;34.358195;0.500000
P1173;;36.262630;34.021640;0.500000
P1174;;37.204294;33.685085;0.500000
P1175;;38.145958;33.348530;0.500000
P1176;;39.940302;32.707223;0.200000
P1177;;39.868813;32.947346;0.200000
P1178;;39.975565;32.858502;0.200000
P1179;;40.056049;32.737953;0.200000
P1180;;40.119555;32.607033;0.200000
P1181;;40.169581;32.481506;0.200000
P1182;;40.207336;32.375491;0.200000
P1183;;40.232904;31.265660;0.500000
P1184;;39.944530;30.199985;0.200000
P1185;;40.011959;30.039477;0.200000
P1186;;40.038126;29.867359;0.200000
P1187;;40.021445;29.694065;0.200000
P1188;;39.962928;29.530099;0.200000
P1189;;39.866122;29.385400;0.200000
P1190;;38.868739;29.313110;0.500000
P1191;;37.871355;29.240820;0.500000
P1192;;36.873971;29.168530;0.500000
P1193;;35.876588;29.096240;0.500000
P1194;;34.879204;29.023950;0.500000
P1195;;33.881820;28.951660;0.500000
P1196;;32.884437;28.879371;0.500000
P1197;;31.887053;28.807081;0.500000
P1198;;30.889669;28.734791;0.500000
P1199;;29.155759;28.609118;0.200000
P1200;;29.070374;28.525778;0.200000
P1201;;28.972193;28.457980;0.200000
P1202;;28.864010;28.407656;0.200000
P1203;;28.748907;28.376237;0.200000
P1204;;28.630159;28.364618;0.200000
P1205;;27.913875;29.062428;0.500000
P1206;;26.655938;30.287921;0.200000
P1207;;26.397639;30.333176;0.200000
P1208;;26.173593;30.469449;0.200000
P1209;;26.014616;30.677999;0.200000
P1210;;25.942572;30.930143;0.200000
P1211;;25.967369;31.191202;0.200000
P1212;;26.842936;31.674299;0.500000
P1213;;27.718503;32.157396;0.500000
P1214;;28.594070;32.640493;0.500000
P1215;;29.469636;33.123590;0.500000
P1216;;30.345203;33.606687;0.500000
P1217;;31.220770;34.089784;0.500000
P1218;;32.142192;34.598182;0.200000
P1219;;32.185027;34.709959;0.200000
P1220;;32.246102;34.812909;0.200000
P1221;;32.323667;34.904082;0.200000
P1222;;32.415501;34.980865;0.200000
P1223;;32.518969;35.041057;0.200000
P1224;;33.460633;34.704502;0.500000
P1225;;34.402297;34.367947;0.500000
P1226;;35.343961;34.031392;0.500000
P1227;;36.285625;33.694837;0.500000
P1228;;37.227288;33.358282;0.500000
P1229;;38.168952;33.021726;0.500000
P1230;;39.578312;32.518015;0.200000
P1231;;39.506824;32.758136;0.200000
P1232;;39.613576;32.669294;0.200000
P1233;;39.694061;32.548744;0.200000
P1234;;39.757567;32.417825;0.200000
P1235;;39.807593;32.292299;0.200000
P1236;;39.845349;32.186282;0.200000
P1237;;39.710545;30.483812;0.200000
P1238;;39.777973;30.323305;0.200000
P1239;;39.804140;30.151187;0.200000
P1240;;39.787460;29.977893;0.200000
P1241;;39.728943;29.813927;0.200000
P1242;;39.632137;29.669228;0.200000
P1243;;38.634753;29.596938;0.500000
P1244;;37.637369;29.524648;0.500000
P1245;;36.639986;29.452358;0.500000
P1246;;35.642602;29.380068;0.500000
P1247;;34.645218;29.307778;0.500000
P1248;;33.647835;29.235488;0.500000
P1249;;32.650451;29.163198;0.500000
P1250;;31.653067;29.090908;0.500000
P1251;;30.655684;29.018619;0.500000
P1252;;29.268535;28.918079;0.200000
P1253;;29.183151;28.834739;0.200000
P1254;;29.084969;28.766941;0.200000
P1255;;28.976787;28.716617;0.200000
P1256;;28.861683;28.685198;0.200000
P1257;;28.742935;28.673579;0.200000
P1258;;28.026652;29.371389;0.500000
P1259;;27.154944;30.355228;0.200000
P1260;;26.896644;30.400483;0.200000
P1261;;26.672599;30.536756;0.200000
P1262;;26.513622;30.745306;0.200000
P1263;;26.441578;30.997450;0.200000
P1264;;26.466375;31.258509;0.200000
P1265;;27.341942;31.741606;0.500000
P1266;;28.217509;32.224703;0.500000
P1267;;29.093075;32.707800;0.500000
P1268;;29.968642;33.190897;0.500000
P1269;;30.844209;33.673994;0.500000
P1270;;32.168645;34.270143;0.200000
P1271;;32.211480;34.381920;0.200000
P1272;;32.272555;34.484870;0.200000
P1273;;32.350121;34.576042;0.200000
P1274;;32.441954;34.652825;0.200000
P1275;;32.545423;34.713017;0.200000
P1276;;33.487086;34.376462;0.500000
P1277;;34.428750;34.039907;0.500000
P1278;;35.370414;33.703352;0.500000
P1279;;36.312078;33.366797;0.500000
P1280;;37.253742;33.030242;0.500000
P1281;;38.195405;32.693687;0.500000
P1282;;39.216322;32.328806;0.200000
P1283;;39.144837;32.568930;0.200000
P1284;;39.251590;32.480086;0.200000
P1285;;39.332075;32.359538;0.200000
P1286;;39.395580;32.228618;0.200000
P1287;;39.445602;32.103091;0.200000
P1288;;39.483361;31.997075;0.200000
P1289;;39.476560;30.767640;0.200000
P1290;;39.543988;30.607133;0.200000
P1291;;39.570155;30.435015;0.200000
P1292;;39.553474;30.261721;0.200000
P1293;;39.494957;30.097754;0.200000
P1294;;39.398151;29.953055;0.200000
P1295;;38.400768;29.880766;0.500000
P1296;;37.403384;29.808476;0.500000
P1297;;36.406000;29.736186;0.500000
P1298;;35.408617;29.663896;0.500000
P1299;;34.411233;29.591606;0.500000
P1300;;33.413849;29.519316;0.500000
P1301;;32.416466;29.447026;0.500000
P1302;;31.419082;29.374736;0.500000
P1303;;30.421698;29.302446;0.500000
P1304;;29.395811;29.228091;0.200000
P1305;;29.307140;29.142061;0.200000
P1306;;29.204849;29.072778;0.200000
P1307;;29.092059;29.022356;0.200000
P1308;;28.972216;28.992336;0.200000
P1309;;28.848976;28.983632;0.200000
P1310;;27.615869;30.259316;0.200000
P1311;;27.360876;30.311557;0.200000
P1312;;27.142061;30.452519;0.200000
P1313;;26.989073;30.663103;0.200000
P1314;;26.922642;30.914772;0.200000
P1315;;26.951770;31.173427;0.200000
P1316;;27.834974;31.642418;0.500000
P1317;;28.718177;32.111408;0.500000
P1318;;29.601380;32.580399;0.500000
P1319;;30.484583;33.049390;0.500000
P1320;;32.191088;33.955564;0.200000
P1321;;32.234693;34.064612;0.200000
P1322;;32.295745;34.164939;0.200000
P1323;;32.372561;34.253776;0.200000
P1324;;32.463021;34.328675;0.200000
P1325;;32.564631;34.387567;0.200000
P1326;;33.506295;34.051012;0.500000
P1327;;34.447958;33.714457;0.500000
P1328;;35.389622;33.377902;0.500000
P1329;;36.331286;33.041347;0.500000
P1330;;37.272950;32.704792;0.500000
P1331;;38.854332;32.139598;0.200000
P1332;;38.782844;32.379720;0.200000
P1333;;38.889596;32.290878;0.200000
P1334;;38.970081;32.170328;0.200000
P1335;;39.033587;32.039409;0.200000
P1336;;39.083613;31.913883;0.200000
P1337;;39.121369;31.807866;0.200000
P1338;;39.242574;31.051468;0.200000
P1339;;39.310002;30.890961;0.200000
P1340;;39.336169;30.718843;0.200000
P1341;;39.319489;30.545548;0.200000
P1342;;39.260972;30.381582;0.200000
P1343;;39.164166;30.236883;0.200000
P1344;;38.166782;30.164593;0.500000
P1345;;37.169398;30.092303;0.500000
P1346;;36.172015;30.020014;0.500000
P1347;;35.174631;29.947724;0.500000
P1348;;34.177247;29.875434;0.500000
P1349;;33.179864;29.803144;0.500000
P1350;;32.182480;29.730854;0.500000
P1351;;31.185097;29.658564;0.500000
P1352;;29.514025;29.537446;0.200000
P1353;;29.425354;29.451416;0.200000
P1354;;29.323062;29.382133;0.200000
P1355;;29.210273;29.331711;0.200000
P1356;;29.090430;29.301691;0.200000
P1357;;28.967190;29.292988;0.200000
P1358;;28.108558;30.337365;0.200000
P1359;;27.853565;30.389606;0.200000
P1360;;27.634749;30.530569;0.200000
P1361;;27.481761;30.741152;0.200000
P1362;;27.415331;30.992822;0.200000
P1363;;27.444459;31.251476;0.200000
P1364;;28.327662;31.720467;0.500000
P1365;;29.210865;32.189458;0.500000
P1366;;30.094068;32.658449;0.500000
P1367;;30.977271;33.127440;0.500000
P1368;;32.214824;33.628495;0.200000
P1369;;32.258429;33.737543;0.200000
P1370;;32.319481;33.837870;0.200000
P1371;;32.396297;33.926708;0.200000
P1372;;32.486758;34.001606;0.200000
P1373;;32.588367;34.060499;0.200000
P1374;;33.530031;33.723944;0.500000
P1375;;34.471695;33.387389;0.500000
P1376;;35.413358;33.050833;0.500000
P1377;;36.355022;32.714278;0.500000
P1378;;37.296686;32.377723;0.500000
P1379;;38.492343;31.950390;0.200000
P1380;;38.520041;32.278386;0.200000
P1381;;38.625707;32.188657;0.200000
P1382;;38.665615;32.074757;0.200000
P1383;;38.672450;31.957348;0.200000
P1384;;38.662157;31.848275;0.200000
P1385;;38.642743;31.758512;0.200000
P1386;;38.481328;31.214932;0.200000
P1387;;38.555494;31.050899;0.200000
P1388;;38.585835;30.873454;0.200000
P1389;;38.570384;30.694098;0.200000
P1390;;38.510145;30.524455;0.200000
P1391;;38.409020;30.375522;0.200000
P1392;;37.410896;30.314293;0.500000
P1393;;36.412772;30.253063;0.500000
P1394;;35.414648;30.191833;0.500000
P1395;;34.416525;30.130603;0.500000
P1396;;33.418401;30.069374;0.500000
P1397;;32.420277;30.008144;0.500000
P1398;;31.422154;29.946914;0.500000
P1399;;29.654458;29.838475;0.200000
P1400;;29.560710;29.750176;0.200000
P1401;;29.452501;29.680345;0.200000
P1402;;29.333422;29.631297;0.200000
P1403;;29.207422;29.604661;0.200000
P1404;;29.078681;29.601320;0.200000
P1405;;28.536867;30.218881;0.200000
P1406;;28.288041;30.281818;0.200000
P1407;;28.078072;30.429427;0.200000
P1408;;27.934623;30.642261;0.200000
P1409;;27.876595;30.892278;0.200000
P1410;;27.911632;31.146537;0.200000
P1411;;28.805022;31.595819;0.500000
P1412;;29.698412;32.045101;0.500000
P1413;;30.591802;32.494382;0.500000
P1414;;32.233385;33.319927;0.200000
P1415;;32.277939;33.425202;0.200000
P1416;;32.338875;33.521923;0.200000
P1417;;32.414600;33.607561;0.200000
P1418;;32.503135;33.679877;0.200000
P1419;;32.602166;33.736982;0.200000
P1420;;33.543830;33.400427;0.500000
P1421;;34.485494;33.063872;0.500000
P1422;;35.427158;32.727317;0.500000
P1423;;36.368821;32.390761;0.500000
P1424;;37.680960;31.921797;0.200000
P1425;;37.704995;32.250945;0.200000
P1426;;37.812403;32.163454;0.200000
P1427;;37.853979;32.051404;0.200000
P1428;;37.862229;31.935746;0.200000
P1429;;37.853045;31.828287;0.200000
P1430;;37.834267;31.739901;0.200000
P1431;;37.717673;31.399307;0.200000
P1432;;37.797604;31.232327;0.200000
P1433;;37.831455;31.050323;0.200000
P1434;;37.816907;30.865771;0.200000
P1435;;37.754956;30.691320;0.200000
P1436;;37.649849;30.538927;0.200000
P1437;;36.651115;30.488617;0.500000
P1438;;35.652381;30.438307;0.500000
P1439;;34.653648;30.387997;0.500000
P1440;;33.654914;30.337688;0.500000
P1441;;32.656180;30.287378;0.500000
P1442;;31.657447;30.237068;0.500000
P1443;;30.303729;30.168877;0.200000
P1444;;30.204988;30.078544;0.200000
P1445;;30.090996;30.008433;0.200000
P1446;;29.965835;29.961055;0.200000
P1447;;29.833989;29.938107;0.200000
P1448;;29.700181;29.940412;0.200000
P1449;;29.388634;30.330914;0.200000
P1450;;29.148909;30.402404;0.200000
P1451;;28.949078;30.552891;0.200000
P1452;;28.814152;30.763542;0.200000
P1453;;28.761017;31.007992;0.200000
P1454;;28.796324;31.255646;0.200000
P1455;;29.689715;31.704927;0.500000
P1456;;30.583105;32.154209;0.500000
P1457;;32.253394;32.994190;0.200000
P1458;;32.297949;33.099466;0.200000
P1459;;32.358885;33.196186;0.200000
P1460;;32.434610;33.281824;0.200000
P1461;;32.523145;33.354140;0.200000
P1462;;32.622176;33.411245;0.200000
P1463;;33.563840;33.074690;0.500000
P1464;;34.505504;32.738135;0.500000
P1465;;35.447167;32.401580;0.500000
P1466;;36.873265;31.891886;0.200000
P1467;;36.894394;32.221965;0.200000
P1468;;37.003202;32.136280;0.200000
P1469;;37.046098;32.025732;0.200000
P1470;;37.055445;31.911493;0.200000
P1471;;37.047112;31.805349;0.200000
P1472;;37.028798;31.718089;0.200000
P1473;;36.952403;31.605023;0.200000
P1474;;37.037206;31.435531;0.200000
P1475;;37.073944;31.249602;0.200000
P1476;;37.059978;31.060594;0.200000
P1477;;36.996312;30.882084;0.200000
P1478;;36.887518;30.726897;0.200000
P1479;;35.888301;30.687353;0.500000
P1480;;34.889083;30.647810;0.500000
P1481;;33.889865;30.608266;0.500000
P1482;;32.890647;30.568722;0.500000
P1483;;30.967021;30.492595;0.200000
P1484;;30.862460;30.399785;0.200000
P1485;;30.741682;30.329362;0.200000
P1486;;30.609409;30.284079;0.200000
P1487;;30.470813;30.265705;0.200000
P1488;;30.331310;30.274960;0.200000
P1489;;30.216671;30.435495;0.200000
P1490;;29.987647;30.515934;0.200000
P1491;;29.799321;30.669086;0.200000
P1492;;29.673887;30.876905;0.200000
P1493;;29.626125;31.114899;0.200000
P1494;;29.661665;31.355022;0.200000
P1495;;30.555055;31.804303;0.500000
P1496;;32.273404;32.668453;0.200000
P1497;;32.317959;32.773729;0.200000
P1498;;32.378895;32.870450;0.200000
P1499;;32.454620;32.956087;0.200000
P1500;;32.543155;33.028403;0.200000
P1501;;32.642186;33.085508;0.200000
P1502;;33.583850;32.748953;0.500000
P1503;;34.525514;32.412398;0.500000
P1504;;36.068442;31.860948;0.200000
P1505;;29.962653;30.786768;0.500000
P1506;;31.296607;30.786768;0.500000
P1507;;32.630561;30.786768;0.500000
P1508;;33.964516;30.786768;0.500000
P1509;;35.298470;30.786768;0.500000
P1510;;36.632424;30.786768;0.500000
P1511;;36.779370;30.834514;0.200000
P1512;;36.870188;30.959514;0.200000
P1513;;36.870188;31.114023;0.200000
P1514;;36.779370;31.239023;0.200000
P1515;;36.632424;31.286768;0.200000
P1516;;34.898470;31.286768;0.500000
P1517;;33.664516;31.286768;0.500000
P1518;;32.430561;31.286768;0.500000
P1519;;31.196607;31.286768;0.500000
P1520;;29.962653;31.286768;0.500000
P1521;;29.815707;31.334514;0.200000
P1522;;29.724889;31.459514;0.200000
P1523;;29.724889;31.614023;0.200000
P1524;;29.815707;31.739023;0.200000
P1525;;29.962653;31.786768;0.200000
P1526;;31.296607;31.786768;0.500000
P1527;;32.630561;31.786768;0.500000
P1528;;33.964516;31.786768;0.500000
P1529;;35.298470;31.786768;0.500000
P1530;;36.632424;31.786768;0.500000
P1531;;36.779370;31.834514;0.200000
P1532;;36.870188;31.959514;0.200000
P1533;;36.870188;32.114023;0.200000
P1534;;36.779370;32.239023;0.200000
P1535;;36.632424;32.286768;0.200000
P1536;;34.898470;32.286768;0.500000
P1537;;33.664516;32.286768;0.500000
P1538;;32.430561;32.286768;0.500000
P1539;;31.196607;32.286768;0.500000
P1540;;29.962653;32.286768;0.500000
P1541;;29.815707;32.334514;0.200000
P1542;;29.724889;32.459514;0.200000
P1543;;29.724889;32.614023;0.200000
P1544;;29.815707;32.739023;0.200000
P1545;;29.962653;32.786768;0.200000
P1546;;31.296607;32.786768;0.500000
P1547;;32.630561;32.786768;0.500000
P1548;;33.964516;32.786768;0.500000
P1549;;35.298470;32.786768;0.500000
P1550;;36.632424;32.786768;0.500000
