P0;33033.000000;31666.000000;0.000000;0.500000
P1;18633.997427;31141.362557;2.389966;0.500000
P2;18373.678233;31181.662045;2.015245;0.200000
P3;18146.172749;31314.445251;1.640525;0.200000
P4;17983.054230;31521.284498;1.265804;0.200000
P5;17906.960305;31773.474585;0.891083;0.200000
P6;17928.451306;32036.016510;0.516363;0.200000
P7;20680.547736;33598.497024;0.516363;0.500000
P8;23432.644160;35160.977577;0.516363;0.500000
P9;26184.740584;36723.458130;0.516363;0.500000
P10;28936.837008;38285.938684;0.516363;0.500000
P11;31731.137153;39962.267230;0.344439;0.200000
P12;31792.195564;40067.216683;0.172515;0.200000
P13;31870.308366;40160.173165;0.000591;0.200000
P14;31963.172401;40238.395849;-0.171332;0.200000
P15;32068.049569;40299.578338;-0.343256;0.200000
P16;34728.469545;39348.731868;-0.343256;0.500000
P17;37388.889538;38397.885404;-0.343256;0.500000
P18;40049.309531;37447.038941;-0.343256;0.500000
P19;42709.729525;36496.192477;-0.343256;0.500000
P20;45571.386456;35606.047082;-0.641619;0.200000
P21;45781.575925;35604.911656;-0.939981;0.200000
P22;45982.145270;35542.040041;-1.238344;0.200000
P23;46155.371824;35422.987686;-1.536706;0.200000
P24;46285.948978;35258.274271;-1.835069;0.200000
P25;45766.418775;33338.367395;-1.835069;0.500000
P26;45246.888640;31418.460487;-1.835069;0.500000
P27;44727.358505;29498.553579;-1.835069;0.500000
P28;44207.828370;27578.646670;-1.835069;0.500000
P29;43755.726505;25498.232319;-2.081903;0.200000
P30;43781.893479;25326.114679;-2.328737;0.200000
P31;43765.212941;25152.820270;-2.575571;0.200000
P32;43706.696037;24988.853919;-2.822405;0.200000
P33;43609.889967;24844.154999;-3.069240;0.200000
P34;40368.063780;24609.189006;-3.069240;0.500000
P35;37126.237585;24374.222956;-3.069240;0.500000
P36;33884.411389;24139.256905;-3.069240;0.500000
P37;30642.585193;23904.290855;-3.069240;0.500000
P38;27317.631670;23587.850955;-3.234036;0.200000
P39;27222.264711;23521.118044;-3.398831;0.200000
P40;27117.242197;23470.934282;-3.563627;0.200000
P41;27005.409847;23438.659464;-3.728423;0.200000
P42;26889.797902;23425.168116;-3.893219;0.200000
P43;25238.637761;24968.407002;2.389966;0.500000
P44;23587.477677;26511.645890;2.389966;0.500000
P45;21936.317594;28054.884779;2.389966;0.500000
P46;20285.157510;29598.123668;2.389966;0.500000
P47;18542.066141;30898.339372;1.467644;0.200000
P48;18500.191867;31039.976208;1.334583;0.200000
P49;18506.588361;31195.368105;1.262171;0.200000
P50;18536.233761;31350.633141;1.216745;0.200000
P51;18574.730308;31493.423907;1.185147;0.200000
P52;18611.041784;31611.430089;1.160687;0.200000
P53;21088.607258;33485.191583;0.516363;0.500000
P54;23745.820888;34993.803196;0.516363;0.500000
P55;26403.034518;36502.414808;0.516363;0.500000
P56;29060.248149;38011.026420;0.516363;0.500000
P57;31759.665501;39633.486026;0.344439;0.200000
P58;31820.723912;39738.435480;0.172515;0.200000
P59;31898.836715;39831.391962;0.000591;0.200000
P60;31991.700750;39909.614646;-0.171332;0.200000
P61;32096.577918;39970.797135;-0.343256;0.200000
P62;34678.894258;39047.865262;-0.343256;0.500000
P63;37261.210614;38124.933395;-0.343256;0.500000
P64;39843.526971;37202.001529;-0.343256;0.500000
P65;42425.843327;36279.069662;-0.343256;0.500000
P66;45209.396621;35416.838863;-0.641619;0.200000
P67;45419.586091;35415.703436;-0.939981;0.200000
P68;45620.155436;35352.831821;-1.238344;0.200000
P69;45793.381989;35233.779465;-1.536706;0.200000
P70;45923.959143;35069.066050;-1.835069;0.200000
P71;45430.029809;33243.766378;-1.835069;0.500000
P72;44936.100543;31418.466673;-1.835069;0.500000
P73;44442.171278;29593.166969;-1.835069;0.500000
P74;43948.242012;27767.867265;-1.835069;0.500000
P75;43521.741016;25782.060118;-2.081903;0.200000
P76;43547.907989;25609.942478;-2.328737;0.200000
P77;43531.227450;25436.648070;-2.575571;0.200000
P78;43472.710546;25272.681719;-2.822405;0.200000
P79;43375.904477;25127.982800;-3.069240;0.200000
P80;40202.689327;24897.989703;-3.069240;0.500000
P81;37029.474168;24667.996549;-3.069240;0.500000
P82;33856.259010;24438.003394;-3.069240;0.500000
P83;30683.043851;24208.010240;-3.069240;0.500000
P84;27426.701364;23896.543236;-3.234036;0.200000
P85;27331.334406;23829.810325;-3.398831;0.200000
P86;27226.311892;23779.626563;-3.563627;0.200000
P87;27114.479542;23747.351745;-3.728423;0.200000
P88;26998.867597;23733.860397;-3.893219;0.200000
P89;25426.481980;25203.473526;2.389966;0.500000
P90;23854.096420;26673.086659;2.389966;0.500000
P91;22281.710861;28142.699791;2.389966;0.500000
P92;20709.325301;29612.312924;2.389966;0.500000
P93;19045.011454;30838.903825;1.467644;0.200000
P94;19003.135284;30980.540648;1.334583;0.200000
P95;19009.531777;31135.932540;1.262171;0.200000
P96;19039.175335;31291.197532;1.216746;0.200000
P97;19077.673944;31433.988248;1.185148;0.200000
P98;19113.985581;31551.994352;1.160688;0.200000
P99;21496.666779;33371.886142;0.516363;0.500000
P100;24058.997616;34826.628814;0.516363;0.500000
P101;26621.328453;36281.371485;0.516363;0.500000
P102;29183.659290;37736.114157;0.516363;0.500000
P103;31788.193849;39304.704822;0.344439;0.200000
P104;31849.252260;39409.654276;0.172515;0.200000
P105;31927.365063;39502.610758;0.000591;0.200000
P106;32020.229099;39580.833443;-0.171332;0.200000
P107;32125.106267;39642.015932;-0.343256;0.200000
P108;34629.318970;38746.998655;-0.343256;0.500000
P109;37133.531689;37851.981386;-0.343256;0.500000
P110;39637.744409;36956.964116;-0.343256;0.500000
P111;42141.957128;36061.946847;-0.343256;0.500000
P112;44847.406786;35227.630644;-0.641619;0.200000
P113;45057.596255;35226.495217;-0.939981;0.200000
P114;45258.165600;35163.623601;-1.238344;0.200000
P115;45431.392153;35044.571245;-1.536706;0.200000
P116;45561.969306;34879.857829;-1.835069;0.200000
P117;45093.640842;33149.165361;-1.835069;0.500000
P118;44625.312446;31418.472861;-1.835069;0.500000
P119;44156.984049;29687.780361;-1.835069;0.500000
P120;43688.655653;27957.087861;-1.835069;0.500000
P121;43287.755526;26065.887918;-2.081903;0.200000
P122;43313.922499;25893.770279;-2.328737;0.200000
P123;43297.241960;25720.475871;-2.575571;0.200000
P124;43238.725056;25556.509520;-2.822405;0.200000
P125;43141.918986;25411.810601;-3.069240;0.200000
P126;40037.314874;25186.790401;-3.069240;0.500000
P127;36932.710752;24961.770142;-3.069240;0.500000
P128;33828.106630;24736.749883;-3.069240;0.500000
P129;30723.502509;24511.729624;-3.069240;0.500000
P130;27535.771059;24205.235517;-3.234036;0.200000
P131;27440.404100;24138.502605;-3.398831;0.200000
P132;27335.381587;24088.318844;-3.563627;0.200000
P133;27223.549237;24056.044026;-3.728423;0.200000
P134;27107.937292;24042.552678;-3.893219;0.200000
P135;25614.326199;25438.540051;2.389966;0.500000
P136;24120.715163;26834.527427;2.389966;0.500000
P137;22627.104128;28230.514804;2.389966;0.500000
P138;21133.493092;29626.502180;2.389966;0.500000
P139;19547.952860;30779.466325;1.467644;0.200000
P140;19506.076632;30921.103161;1.334583;0.200000
P141;19512.473127;31076.495058;1.262171;0.200000
P142;19542.118582;31231.760073;1.216745;0.200000
P143;19580.615074;31374.550861;1.185147;0.200000
P144;19616.926550;31492.557042;1.160687;0.200000
P145;21904.726301;33258.580701;0.516363;0.500000
P146;24372.174344;34659.454432;0.516363;0.500000
P147;26839.622387;36060.328163;0.516363;0.500000
P148;29307.070430;37461.201893;0.516363;0.500000
P149;31816.722196;38975.923618;0.344439;0.200000
P150;31877.780608;39080.873072;0.172515;0.200000
P151;31955.893411;39173.829554;0.000591;0.200000
P152;32048.757447;39252.052239;-0.171332;0.200000
P153;32153.634616;39313.234728;-0.343256;0.200000
P154;34579.743682;38446.132048;-0.343256;0.500000
P155;37005.852764;37579.029376;-0.343256;0.500000
P156;39431.961846;36711.926704;-0.343256;0.500000
P157;41858.070929;35844.824032;-0.343256;0.500000
P158;44485.416950;35038.422426;-0.641619;0.200000
P159;44695.606419;35037.286998;-0.939981;0.200000
P160;44896.175764;34974.415381;-1.238344;0.200000
P161;45069.402317;34855.363025;-1.536706;0.200000
P162;45199.979470;34690.649609;-1.835069;0.200000
P163;44757.251875;33054.564345;-1.835069;0.500000
P164;44314.524348;31418.479049;-1.835069;0.500000
P165;43871.796821;29782.393753;-1.835069;0.500000
P166;43429.069295;28146.308456;-1.835069;0.500000
P167;43053.770036;26349.715718;-2.081903;0.200000
P168;43079.937009;26177.598079;-2.328737;0.200000
P169;43063.256470;26004.303671;-2.575571;0.200000
P170;43004.739566;25840.337321;-2.822405;0.200000
P171;42907.933497;25695.638403;-3.069240;0.200000
P172;39871.940421;25475.591098;-3.069240;0.500000
P173;36835.947336;25255.543735;-3.069240;0.500000
P174;33799.954251;25035.496372;-3.069240;0.500000
P175;30763.961167;24815.449009;-3.069240;0.500000
P176;27644.840754;24513.927798;-3.234036;0.200000
P177;27549.473795;24447.194886;-3.398831;0.200000
P178;27444.451281;24397.011125;-3.563627;0.200000
P179;27332.618932;24364.736306;-3.728423;0.200000
P180;27217.006987;24351.244958;-3.893219;0.200000
P181;25802.170417;25673.606575;2.389966;0.500000
P182;24387.333906;26995.968196;2.389966;0.500000
P183;22972.497395;28318.329816;2.389966;0.500000
P184;21557.660883;29640.691436;2.389966;0.500000
P185;20050.894266;30720.030779;1.467644;0.200000
P186;20009.020049;30861.667601;1.334583;0.200000
P187;20015.416543;31017.059493;1.262171;0.200000
P188;20045.060100;31172.324485;1.216746;0.200000
P189;20083.558654;31315.115224;1.185148;0.200000
P190;20119.870346;31433.121305;1.160688;0.200000
P191;22312.785822;33145.275260;0.516363;0.500000
P192;24685.351072;34492.280050;0.516363;0.500000
P193;27057.916321;35839.284840;0.516363;0.500000
P194;29430.481571;37186.289629;0.516363;0.500000
P195;31845.250543;38647.142414;0.344439;0.200000
P196;31906.308955;38752.091868;0.172515;0.200000
P197;31984.421758;38845.048350;0.000591;0.200000
P198;32077.285795;38923.271035;-0.171332;0.200000
P199;32182.162964;38984.453524;-0.343256;0.200000
P200;34530.168393;38145.265442;-0.343256;0.500000
P201;36878.173838;37306.077367;-0.343256;0.500000
P202;39226.179284;36466.889292;-0.343256;0.500000
P203;41574.184729;35627.701217;-0.343256;0.500000
P204;44123.427113;34849.214208;-0.641619;0.200000
P205;44333.616583;34848.078780;-0.939981;0.200000
P206;44534.185927;34785.207163;-1.238344;0.200000
P207;44707.412480;34666.154806;-1.536706;0.200000
P208;44837.989632;34501.441390;-1.835069;0.200000
P209;44420.862907;32959.963329;-1.835069;0.500000
P210;44003.736250;31418.485237;-1.835069;0.500000
P211;43586.609593;29877.007145;-1.835069;0.500000
P212;43169.482937;28335.529052;-1.835069;0.500000
P213;42819.784547;26633.543518;-2.081903;0.200000
P214;42845.951520;26461.425879;-2.328737;0.200000
P215;42829.270981;26288.131472;-2.575571;0.200000
P216;42770.754077;26124.165122;-2.822405;0.200000
P217;42673.948007;25979.466204;-3.069240;0.200000
P218;39706.565969;25764.391795;-3.069240;0.500000
P219;36739.183921;25549.317328;-3.069240;0.500000
P220;33771.801873;25334.242861;-3.069240;0.500000
P221;30804.419825;25119.168394;-3.069240;0.500000
P222;27753.910449;24822.620078;-3.234036;0.200000
P223;27658.543490;24755.887167;-3.398831;0.200000
P224;27553.520976;24705.703405;-3.563627;0.200000
P225;27441.688627;24673.428587;-3.728423;0.200000
P226;27326.076682;24659.937239;-3.893219;0.200000
P227;25990.014636;25908.673100;2.389966;0.500000
P228;24653.952649;27157.408964;2.389966;0.500000
P229;23317.890661;28406.144828;2.389966;0.500000
P230;21981.828674;29654.880692;2.389966;0.500000
P231;20553.835672;30660.593279;1.467644;0.200000
P232;20511.961398;30802.230115;1.334583;0.200000
P233;20518.357892;30957.622011;1.262171;0.200000
P234;20548.003348;31112.887026;1.216745;0.200000
P235;20586.499839;31255.677814;1.185147;0.200000
P236;20622.811315;31373.683995;1.160687;0.200000
P237;22720.845343;33031.969819;0.516363;0.500000
P238;24998.527799;34325.105668;0.516363;0.500000
P239;27276.210255;35618.241517;0.516363;0.500000
P240;29553.892711;36911.377366;0.516363;0.500000
P241;31873.778890;38318.361209;0.344439;0.200000
P242;31934.837302;38423.310664;0.172515;0.200000
P243;32012.950105;38516.267146;0.000591;0.200000
P244;32105.814142;38594.489831;-0.171332;0.200000
P245;32210.691312;38655.672320;-0.343256;0.200000
P246;34480.593104;37844.398835;-0.343256;0.500000
P247;36750.494912;37033.125358;-0.343256;0.500000
P248;39020.396720;36221.851881;-0.343256;0.500000
P249;41290.298529;35410.578403;-0.343256;0.500000
P250;43761.437276;34660.005991;-0.641619;0.200000
P251;43971.626746;34658.870563;-0.939981;0.200000
P252;44172.196090;34595.998945;-1.238344;0.200000
P253;44345.422643;34476.946588;-1.536706;0.200000
P254;44475.999795;34312.233171;-1.835069;0.200000
P255;44084.473940;32865.362315;-1.835069;0.500000
P256;43692.948153;31418.491426;-1.835069;0.500000
P257;43301.422366;29971.620537;-1.835069;0.500000
P258;42909.896579;28524.749648;-1.835069;0.500000
P259;42585.799059;26917.371318;-2.081903;0.200000
P260;42611.966032;26745.253679;-2.328737;0.200000
P261;42595.285492;26571.959273;-2.575571;0.200000
P262;42536.768588;26407.992923;-2.822405;0.200000
P263;42439.962519;26263.294005;-3.069240;0.200000
P264;39541.191517;26053.192492;-3.069240;0.500000
P265;36642.420506;25843.090921;-3.069240;0.500000
P266;33743.649494;25632.989350;-3.069240;0.500000
P267;30844.878483;25422.887779;-3.069240;0.500000
P268;27862.980144;25131.312359;-3.234036;0.200000
P269;27767.613185;25064.579448;-3.398831;0.200000
P270;27662.590671;25014.395686;-3.563627;0.200000
P271;27550.758322;24982.120868;-3.728423;0.200000
P272;27435.146376;24968.629520;-3.893219;0.200000
P273;26177.858855;26143.739625;2.389966;0.500000
P274;24920.571392;27318.849732;2.389966;0.500000
P275;23663.283928;28493.959840;2.389966;0.500000
P276;22405.996465;29669.069948;2.389966;0.500000
P277;21061.430624;30620.510666;1.476993;0.200000
P278;21026.126797;30773.989411;1.357607;0.200000
P279;21036.074577;30944.288999;1.293036;0.200000
P280;21067.801356;31115.873270;1.252460;0.200000
P281;21107.564202;31274.405359;1.223966;0.200000
P282;21144.527761;31405.596350;1.201281;0.200000
P283;23128.904865;33013.762778;0.516363;0.500000
P284;25311.704527;34229.255086;0.516363;0.500000
P285;27494.504189;35444.747394;0.516363;0.500000
P286;29677.303851;36660.239702;0.516363;0.500000
P287;31902.307236;37989.580005;0.344439;0.200000
P288;31963.365648;38094.529459;0.172515;0.200000
P289;32041.478452;38187.485942;0.000591;0.200000
P290;32134.342489;38265.708627;-0.171332;0.200000
P291;32239.219660;38326.891115;-0.343256;0.200000
P292;34431.017814;37543.532229;-0.343256;0.500000
P293;36622.815985;36760.173349;-0.343256;0.500000
P294;38814.614157;35976.814470;-0.343256;0.500000
P295;41006.412328;35193.455590;-0.343256;0.500000
P296;43399.447438;34470.797776;-0.641619;0.200000
P297;43609.636908;34469.662346;-0.939981;0.200000
P298;43810.206253;34406.790728;-1.238344;0.200000
P299;43983.432805;34287.738371;-1.536706;0.200000
P300;44114.009956;34123.024953;-1.835069;0.200000
P301;43748.084971;32770.761301;-1.835069;0.500000
P302;43382.160055;31418.497615;-1.835069;0.500000
P303;43016.235138;30066.233930;-1.835069;0.500000
P304;42650.310222;28713.970245;-1.835069;0.500000
P305;42351.813572;27201.199117;-2.081903;0.200000
P306;42377.980544;27029.081480;-2.328737;0.200000
P307;42361.300004;26855.787073;-2.575571;0.200000
P308;42302.783100;26691.820724;-2.822405;0.200000
P309;42205.977031;26547.121807;-3.069240;0.200000
P310;39375.817066;26341.993189;-3.069240;0.500000
P311;36545.657091;26136.864514;-3.069240;0.500000
P312;33715.497116;25931.735839;-3.069240;0.500000
P313;30885.337141;25726.607164;-3.069240;0.500000
P314;27972.049839;25440.004640;-3.234036;0.200000
P315;27876.682880;25373.271728;-3.398831;0.200000
P316;27771.660366;25323.087967;-3.563627;0.200000
P317;27659.828016;25290.813149;-3.728423;0.200000
P318;27544.216071;25277.321801;-3.893219;0.200000
P319;26365.703074;26402.580749;2.389966;0.500000
P320;25187.190135;27527.839701;2.389966;0.500000
P321;24008.677195;28653.098653;2.389966;0.500000
P322;22830.164256;29778.357604;2.389966;0.500000
P323;21555.633899;30657.079958;1.463436;0.200000
P324;21514.202338;30798.334878;1.330271;0.200000
P325;21520.979345;30952.978260;1.257671;0.200000
P326;21550.965730;31107.317549;1.212072;0.200000
P327;21589.758521;31249.168631;1.180313;0.200000
P328;21626.286010;31366.372998;1.155673;0.200000
P329;23535.221382;32896.851212;0.508649;0.500000
P330;25623.064053;34061.002891;0.508649;0.500000
P331;27710.906725;35225.154570;0.508649;0.500000
P332;29798.749397;36389.306248;0.508649;0.500000
P333;31929.200292;37665.993688;0.338268;0.200000
P334;31990.272862;37769.675398;0.167887;0.200000
P335;32068.041159;37861.500490;-0.002494;0.200000
P336;32160.253051;37938.809757;-0.172875;0.200000
P337;32264.238126;37999.364359;-0.343256;0.200000
P338;34378.634620;37243.669181;-0.343256;0.500000
P339;36493.031130;36487.974010;-0.343256;0.500000
P340;38607.427640;35732.278839;-0.343256;0.500000
P341;40721.824151;34976.583667;-0.343256;0.500000
P342;43037.457600;34281.589561;-0.641619;0.200000
P343;43247.647070;34280.454131;-0.939981;0.200000
P344;43448.216414;34217.582513;-1.238344;0.200000
P345;43621.442966;34098.530154;-1.536706;0.200000
P346;43752.020117;33933.816737;-1.835069;0.200000
P347;43411.696003;32676.160287;-1.835069;0.500000
P348;43071.371957;31418.503805;-1.835069;0.500000
P349;42731.047911;30160.847323;-1.835069;0.500000
P350;42390.723865;28903.190841;-1.835069;0.500000
P351;42117.828085;27485.026917;-2.081903;0.200000
P352;42143.995057;27312.909280;-2.328737;0.200000
P353;42127.314517;27139.614874;-2.575571;0.200000
P354;42068.797613;26975.648525;-2.822406;0.200000
P355;41971.991544;26830.949608;-3.069240;0.200000
P356;39211.356899;26630.860153;-3.069240;0.500000
P357;36450.722245;26430.770641;-3.069240;0.500000
P358;33690.087590;26230.681129;-3.069240;0.500000
P359;30929.452936;26030.591616;-3.069240;0.500000
P360;28084.645500;25748.161892;-3.235956;0.200000
P361;27987.975851;25680.931362;-3.402672;0.200000
P362;27881.489963;25630.674813;-3.569388;0.200000
P363;27768.140682;25598.785853;-3.736104;0.200000
P364;27651.071176;25586.148761;-3.902820;0.200000
P365;26549.790639;26635.438265;2.380365;0.500000
P366;25448.510160;27684.727771;2.380365;0.500000
P367;24347.229681;28734.017277;2.380365;0.500000
P368;23245.949202;29783.306783;2.380365;0.500000
P369;22056.118073;30611.081062;1.469995;0.200000
P370;22022.458027;30765.644944;1.351622;0.200000
P371;22033.912731;30936.871818;1.287598;0.200000
P372;22067.033897;31109.304513;1.247347;0.200000
P373;22108.027034;31268.577533;1.219056;0.200000
P374;22145.976632;31400.359433;1.196480;0.200000
P375;23942.075992;32882.154388;0.508649;0.500000
P376;25935.008046;33967.902576;0.508649;0.500000
P377;27927.940100;35053.650764;0.508649;0.500000
P378;29920.872155;36139.398952;0.508649;0.500000
P379;31956.412432;37337.682901;0.338268;0.200000
P380;32017.485003;37441.364611;0.167887;0.200000
P381;32095.253300;37533.189704;-0.002494;0.200000
P382;32187.465192;37610.498970;-0.172875;0.200000
P383;32291.450267;37671.053572;-0.343256;0.200000
P384;34328.006365;36943.178908;-0.343256;0.500000
P385;36364.562479;36215.304252;-0.343256;0.500000
P386;38401.118593;35487.429596;-0.343256;0.500000
P387;40437.674708;34759.554940;-0.343256;0.500000
P388;42675.467762;34092.381347;-0.641619;0.200000
P389;42885.657231;34091.245917;-0.939981;0.200000
P390;43086.226576;34028.374298;-1.238344;0.200000
P391;43259.453127;33909.321939;-1.536706;0.200000
P392;43390.030278;33744.608521;-1.835069;0.200000
P393;43075.307034;32581.559274;-1.835069;0.500000
P394;42760.583859;31418.509995;-1.835069;0.500000
P395;42445.860684;30255.460716;-1.835069;0.500000
P396;42131.137509;29092.411438;-1.835069;0.500000
P397;41883.842599;27768.854717;-2.081903;0.200000
P398;41910.009570;27596.737080;-2.328737;0.200000
P399;41893.329030;27423.442674;-2.575571;0.200000
P400;41834.812126;27259.476326;-2.822406;0.200000
P401;41738.006058;27114.777410;-3.069240;0.200000
P402;39046.325305;26919.685701;-3.069240;0.500000
P403;36354.644544;26724.593934;-3.069240;0.500000
P404;33662.963782;26529.502168;-3.069240;0.500000
P405;30971.283020;26334.410401;-3.069240;0.500000
P406;28195.429478;26056.978423;-3.235956;0.200000
P407;28098.759828;25989.747894;-3.402672;0.200000
P408;27992.273940;25939.491344;-3.569388;0.200000
P409;27878.924659;25907.602384;-3.736104;0.200000
P410;27761.855154;25894.965293;-3.902820;0.200000
P411;26738.770867;26895.232823;2.380365;0.500000
P412;25715.686638;27895.500357;2.380365;0.500000
P413;24692.602408;28895.767890;2.380365;0.500000
P414;23669.518179;29896.035423;2.380365;0.500000
P415;22547.648085;30649.984963;1.454329;0.200000
P416;22507.514193;30791.481290;1.321255;0.200000
P417;22515.632675;30945.878289;1.248656;0.200000
P418;22546.929342;31099.738746;1.203038;0.200000
P419;22586.910996;31241.036194;1.171257;0.200000
P420;22624.413064;31357.739495;1.146588;0.200000
P421;24346.721171;32761.243042;0.499566;0.500000
P422;26244.711454;33797.051631;0.499566;0.500000
P423;28142.701737;34832.860219;0.499566;0.500000
P424;30040.692020;35868.668808;0.499566;0.500000
P425;31981.746024;37015.467971;0.331002;0.200000
P426;32042.819972;37117.660740;0.162437;0.200000
P427;32120.172909;37208.158875;-0.006127;0.200000
P428;32211.612126;37284.397045;-0.174692;0.200000
P429;32314.545618;37344.214145;-0.343256;0.200000
P430;34274.084678;36643.865724;-0.343256;0.500000
P431;36233.623754;35943.517311;-0.343256;0.500000
P432;38193.162830;35243.168898;-0.343256;0.500000
P433;40152.701906;34542.820485;-0.343256;0.500000
P434;42313.477922;33903.173135;-0.641619;0.200000
P435;42523.667392;33902.037704;-0.939981;0.200000
P436;42724.236736;33839.166084;-1.238344;0.200000
P437;42897.463288;33720.113725;-1.536706;0.200000
P438;43028.040438;33555.400306;-1.835069;0.200000
P439;42738.918065;32486.958262;-1.835069;0.500000
P440;42449.795761;31418.516186;-1.835069;0.500000
P441;42160.673457;30350.074110;-1.835069;0.500000
P442;41871.551153;29281.632034;-1.835069;0.500000
P443;41649.857114;28052.682517;-2.081903;0.200000
P444;41676.024085;27880.564880;-2.328737;0.200000
P445;41659.343544;27707.270475;-2.575571;0.200000
P446;41600.826640;27543.304127;-2.822406;0.200000
P447;41504.020572;27398.605211;-3.069240;0.200000
P448;38882.389521;27208.590672;-3.069240;0.500000
P449;36260.758460;27018.576075;-3.069240;0.500000
P450;33639.127400;26828.561478;-3.069240;0.500000
P451;31017.496339;26638.546881;-3.069240;0.500000
P452;28310.443135;26365.161160;-3.238246;0.200000
P453;28212.214769;26297.346173;-3.407253;0.200000
P454;28103.979221;26247.019733;-3.576260;0.200000
P455;27988.820701;26215.615913;-3.745267;0.200000
P456;27870.020696;26204.029575;-3.914274;0.200000
P457;26923.244647;27127.026090;2.368912;0.500000
P458;25976.468655;28050.022607;2.368912;0.500000
P459;25029.692663;28973.019124;2.368912;0.500000
P460;24082.916671;29896.015641;2.368912;0.500000
P461;23046.147322;30600.048229;1.461817;0.200000
P462;23014.430862;30755.861463;1.344637;0.200000
P463;23027.660607;30928.162448;1.281253;0.200000
P464;23062.420685;31101.575057;1.241384;0.200000
P465;23104.861199;31261.704614;1.213329;0.200000
P466;23143.970172;31394.166246;1.190878;0.200000
P467;24752.078716;32750.687000;0.499566;0.500000
P468;26555.146698;33707.194842;0.499566;0.500000
P469;28358.214681;34663.702684;0.499566;0.500000
P470;30161.282663;35620.210527;0.499566;0.500000
P471;32007.414367;36687.708943;0.331002;0.200000
P472;32068.488316;36789.901712;0.162437;0.200000
P473;32145.841252;36880.399848;-0.006127;0.200000
P474;32237.280470;36956.638018;-0.174692;0.200000
P475;32340.213963;37016.455117;-0.343256;0.200000
P476;34222.221385;36343.816860;-0.343256;0.500000
P477;36104.228824;35671.178610;-0.343256;0.500000
P478;37986.236264;34998.540360;-0.343256;0.500000
P479;39868.243703;34325.902110;-0.343256;0.500000
P480;41951.488082;33713.964923;-0.641619;0.200000
P481;42161.677552;33712.829492;-0.939981;0.200000
P482;42362.246896;33649.957871;-1.238344;0.200000
P483;42535.473447;33530.905511;-1.536706;0.200000
P484;42666.050597;33366.192092;-1.835069;0.200000
P485;42402.529096;32392.357251;-1.835069;0.500000
P486;42139.007664;31418.522378;-1.835069;0.500000
P487;41875.486231;30444.687504;-1.835069;0.500000
P488;41611.964799;29470.852631;-1.835069;0.500000
P489;41415.871630;28336.510316;-2.081903;0.200000
P490;41442.038600;28164.392680;-2.328737;0.200000
P491;41425.358060;27991.098276;-2.575571;0.200000
P492;41366.841155;27827.131929;-2.822406;0.200000
P493;41270.035088;27682.433013;-3.069240;0.200000
P494;38717.768857;27497.446003;-3.069240;0.500000
P495;36165.502617;27312.458936;-3.069240;0.500000
P496;33613.236377;27127.471869;-3.069240;0.500000
P497;31060.970137;26942.484802;-3.069240;0.500000
P498;28423.281754;26674.126611;-3.238246;0.200000
P499;28325.053388;26606.311623;-3.407253;0.200000
P500;28216.817839;26555.985184;-3.576260;0.200000
P501;28101.659320;26524.581364;-3.745267;0.200000
P502;27982.859315;26512.995026;-3.914274;0.200000
P503;27113.571510;27387.947392;2.368912;0.500000
P504;26244.283764;28262.899759;2.368912;0.500000
P505;25374.996018;29137.852127;2.368912;0.500000
P506;24505.708271;30012.804495;2.368912;0.500000
P507;23534.251072;30641.650020;1.443486;0.200000
P508;23495.667298;30783.397770;1.310531;0.200000
P509;23505.369235;30937.466048;1.237934;0.200000
P510;23538.203643;31090.720720;1.192293;0.200000
P511;23579.579544;31231.321036;1.160480;0.200000
P512;23618.223163;31347.400210;1.135772;0.200000
P513;25154.559634;32624.961012;0.488700;0.500000
P514;26862.750188;33533.238787;0.488700;0.500000
P515;28570.940741;34441.516562;0.488700;0.500000
P516;30279.131295;35349.794337;0.488700;0.500000
P517;32030.901105;36367.214020;0.322309;0.200000
P518;32091.955041;36467.630764;0.155917;0.200000
P519;32168.797224;36556.548615;-0.010474;0.200000
P520;32259.305104;36631.511466;-0.176865;0.200000
P521;32360.978652;36690.448679;-0.343256;0.200000
P522;34166.435168;36045.170068;-0.343256;0.500000
P523;35971.891701;35399.891464;-0.343256;0.500000
P524;37777.348234;34754.612859;-0.343256;0.500000
P525;39582.804767;34109.334255;-0.343256;0.500000
P526;41589.498241;33524.756713;-0.641619;0.200000
P527;41799.687711;33523.621281;-0.939981;0.200000
P528;42000.257055;33460.749660;-1.238344;0.200000
P529;42173.483606;33341.697299;-1.536706;0.200000
P530;42304.060755;33176.983879;-1.835069;0.200000
P531;42066.140126;32297.756241;-1.835069;0.500000
P532;41828.219566;31418.528570;-1.835069;0.500000
P533;41590.299005;30539.300899;-1.835069;0.500000
P534;41352.378444;29660.073228;-1.835069;0.500000
P535;41181.886147;28620.338116;-2.081903;0.200000
P536;41208.053117;28448.220480;-2.328737;0.200000
P537;41191.372576;28274.926076;-2.575571;0.200000
P538;41132.855672;28110.959730;-2.822406;0.200000
P539;41036.049604;27966.260814;-3.069240;0.200000
P540;38554.488379;27786.398471;-3.069240;0.500000
P541;36072.927146;27606.536069;-3.069240;0.500000
P542;33591.365912;27426.673668;-3.069240;0.500000
P543;31109.804678;27246.811267;-3.069240;0.500000
P544;28541.298845;26982.327967;-3.241032;0.200000
P545;28441.168260;26913.815752;-3.412824;0.200000
P546;28330.799535;26863.429228;-3.584617;0.200000
P547;28213.441936;26832.651778;-3.756409;0.200000
P548;28092.550484;26822.389496;-3.928202;0.200000
P549;27298.385137;27618.480416;2.354984;0.500000
P550;26504.219847;28414.571337;2.354984;0.500000
P551;25710.054557;29210.662258;2.354984;0.500000
P552;24915.889267;30006.753179;2.354984;0.500000
P553;24030.092843;30586.952571;1.452118;0.200000
P554;24000.707066;30744.223468;1.336366;0.200000
P555;24016.060080;30917.779318;1.273743;0.200000
P556;24052.776824;31092.333909;1.234326;0.200000
P557;24096.945442;31253.462071;1.206549;0.200000
P558;24137.435992;31386.719362;1.184242;0.200000
P559;25558.011000;32619.369833;0.488700;0.500000
P560;27171.296080;33447.269951;0.488700;0.500000
P561;28784.581160;34275.170069;0.488700;0.500000
P562;30397.866240;35103.070186;0.488700;0.500000
P563;32054.730576;36040.112213;0.322309;0.200000
P564;32115.784513;36140.528957;0.155917;0.200000
P565;32192.626696;36229.446808;-0.010474;0.200000
P566;32283.134576;36304.409660;-0.176865;0.200000
P567;32384.808125;36363.346872;-0.343256;0.200000
P568;34113.100778;35745.646981;-0.343256;0.500000
P569;35841.393448;35127.947096;-0.343256;0.500000
P570;37569.686118;34510.247212;-0.343256;0.500000
P571;39297.978788;33892.547327;-0.343256;0.500000
P572;41227.508399;33335.548504;-0.641619;0.200000
P573;41437.697869;33334.413071;-0.939981;0.200000
P574;41638.267213;33271.541449;-1.238344;0.200000
P575;41811.493764;33152.489088;-1.536706;0.200000
P576;41942.070912;32987.775667;-1.835069;0.200000
P577;41729.751156;32203.155231;-1.835069;0.500000
P578;41517.431468;31418.534762;-1.835069;0.500000
P579;41305.111779;30633.914293;-1.835069;0.500000
P580;41092.792091;29849.293825;-1.835069;0.500000
P581;40947.900665;28904.165915;-2.081903;0.200000
P582;40974.067634;28732.048280;-2.328737;0.200000
P583;40957.387093;28558.753877;-2.575571;0.200000
P584;40898.870189;28394.787531;-2.822406;0.200000
P585;40802.064121;28250.088616;-3.069240;0.200000
P586;38390.370287;28075.290228;-3.069240;0.500000
P587;35978.676443;27900.491783;-3.069240;0.500000
P588;33566.982599;27725.693337;-3.069240;0.500000
P589;31155.288755;27550.894892;-3.069240;0.500000
P590;28656.650311;27291.475548;-3.241032;0.200000
P591;28556.519727;27222.963333;-3.412824;0.200000
P592;28446.151002;27172.576808;-3.584617;0.200000
P593;28328.793403;27141.799359;-3.756409;0.200000
P594;28207.901951;27131.537076;-3.928202;0.200000
P595;27490.337678;27880.755776;2.354984;0.500000
P596;26772.773463;28629.974477;2.354984;0.500000
P597;26055.209247;29379.193178;2.354984;0.500000
P598;25337.645032;30128.411879;2.354984;0.500000
P599;24513.667149;30631.699755;1.430333;0.200000
P600;24476.968764;30773.708874;1.297545;0.200000
P601;24488.569888;30927.325558;1.224954;0.200000
P602;24523.241002;31079.788884;1.179282;0.200000
P603;24566.272068;31219.494701;1.147427;0.200000
P604;24606.266674;31334.773397;1.122664;0.200000
P605;25957.591333;32487.727096;0.475443;0.500000
P606;27476.151054;33269.530650;0.475443;0.500000
P607;28994.710775;34051.334204;0.475443;0.500000
P608;30513.270496;34833.137759;0.475443;0.500000
P609;32075.995030;35721.828681;0.311703;0.200000
P610;32136.992722;35820.087113;0.147963;0.200000
P611;32213.191564;35907.088115;-0.015777;0.200000
P612;32302.553171;35980.504334;-0.179516;0.200000
P613;32402.687039;36038.371822;-0.343256;0.200000
P614;34055.005941;35447.825300;-0.343256;0.500000
P615;35707.324860;34857.278784;-0.343256;0.500000
P616;37359.643778;34266.732268;-0.343256;0.500000
P617;39011.962696;33676.185751;-0.343256;0.500000
P618;40865.518556;33146.340297;-0.641619;0.200000
P619;41075.708026;33145.204863;-0.939981;0.200000
P620;41276.277370;33082.333240;-1.238344;0.200000
P621;41449.503921;32963.280878;-1.536706;0.200000
P622;41580.081068;32798.567457;-1.835069;0.200000
P623;41393.362185;32108.554222;-1.835069;0.500000
P624;41206.643369;31418.540955;-1.835069;0.500000
P625;41019.924554;30728.527689;-1.835069;0.500000
P626;40833.205739;30038.514422;-1.835069;0.500000
P627;40713.915185;29187.993715;-2.081903;0.200000
P628;40740.082153;29015.876080;-2.328737;0.200000
P629;40723.401611;28842.581677;-2.575571;0.200000
P630;40664.884707;28678.615332;-2.822406;0.200000
P631;40568.078640;28533.916418;-3.069240;0.200000
P632;38227.933134;28364.303820;-3.069240;0.500000
P633;35887.787620;28194.691163;-3.069240;0.500000
P634;33547.642105;28025.078507;-3.069240;0.500000
P635;31207.496590;27855.465851;-3.069240;0.500000
P636;28778.505712;27599.681897;-3.244501;0.200000
P637;28675.996088;27530.322216;-3.419762;0.200000
P638;28562.962876;27479.899190;-3.595024;0.200000
P639;28442.869185;27449.957680;-3.770285;0.200000
P640;28319.394444;27441.415032;-3.945546;0.200000
P641;27675.380080;28109.783937;2.337639;0.500000
P642;27031.365774;28778.152841;2.337639;0.500000
P643;26387.351467;29446.521746;2.337639;0.500000
P644;25743.337161;30114.890650;2.337639;0.500000
P645;25005.811260;30571.133886;1.440393;0.200000
P646;24979.284008;30730.135604;1.326383;0.200000
P647;24997.227232;30905.175495;1.264684;0.200000
P648;25036.329724;31081.080442;1.225814;0.200000
P649;25082.601804;31243.387339;1.198372;0.200000
P650;25124.772220;31377.582879;1.176238;0.200000
P651;26358.541068;32488.207151;0.475443;0.500000
P652;27782.262858;33188.314623;0.475443;0.500000
P653;29205.984648;33888.422095;0.475443;0.500000
P654;30629.706438;34588.529567;0.475443;0.500000
P655;32097.593041;35395.524408;0.311703;0.200000
P656;32158.590734;35493.782840;0.147963;0.200000
P657;32234.789576;35580.783842;-0.015777;0.200000
P658;32324.151183;35654.200061;-0.179516;0.200000
P659;32424.285052;35712.067549;-0.343256;0.200000
P660;33999.886383;35148.940240;-0.343256;0.500000
P661;35575.487729;34585.812938;-0.343256;0.500000
P662;37151.089076;34022.685635;-0.343256;0.500000
P663;38726.690423;33459.558332;-0.343256;0.500000
P664;40503.528711;32957.132091;-0.641619;0.200000
P665;40713.718182;32955.996656;-0.939981;0.200000
P666;40914.287526;32893.125032;-1.238344;0.200000
P667;41087.514076;32774.072669;-1.536706;0.200000
P668;41218.091223;32609.359247;-1.835069;0.200000
P669;41056.973213;32013.953214;-1.835069;0.500000
P670;40895.855271;31418.547149;-1.835069;0.500000
P671;40734.737329;30823.141084;-1.835069;0.500000
P672;40573.619387;30227.735019;-1.835069;0.500000
P673;40479.929706;29471.821514;-2.081903;0.200000
P674;40506.096673;29299.703880;-2.328737;0.200000
P675;40489.416131;29126.409478;-2.575571;0.200000
P676;40430.899227;28962.443134;-2.822406;0.200000
P677;40334.093160;28817.744220;-3.069240;0.200000
P678;38064.445396;28653.241265;-3.069240;0.500000
P679;35794.797623;28488.738252;-3.069240;0.500000
P680;33525.149850;28324.235239;-3.069240;0.500000
P681;31255.502077;28159.732227;-3.069240;0.500000
P682;28897.008941;27909.057916;-3.244501;0.200000
P683;28794.499316;27839.698235;-3.419762;0.200000
P684;28681.466104;27789.275209;-3.595024;0.200000
P685;28561.372413;27759.333699;-3.770285;0.200000
P686;28437.897672;27750.791051;-3.945546;0.200000
P687;27869.340196;28373.719979;2.337639;0.500000
P688;27300.782777;28996.648907;2.337639;0.500000
P689;26732.225358;29619.577835;2.337639;0.500000
P690;26163.667939;30242.506763;2.337639;0.500000
P691;25483.198566;30619.604724;1.414021;0.200000
P692;25448.849212;30761.865876;1.281483;0.200000
P693;25462.770166;30914.840259;1.208907;0.200000
P694;25499.664882;31066.236323;1.163195;0.200000
P695;25544.694760;31204.753470;1.131281;0.200000
P696;25586.312242;31318.972533;1.106439;0.200000
P697;26754.060049;32349.105273;0.458878;0.500000
P698;28083.370929;33005.853527;0.458878;0.500000
P699;29412.681809;33662.601782;0.458878;0.500000
P700;30741.992689;34319.350036;0.458878;0.500000
P701;32116.133220;35080.170864;0.298451;0.200000
P702;32177.011710;35175.745993;0.138024;0.200000
P703;32252.375595;35260.369162;-0.022403;0.200000
P704;32340.289409;35331.867113;-0.182829;0.200000
P705;32438.495386;35388.403666;-0.343256;0.200000
P706;33938.856681;34852.167493;-0.343256;0.500000
P707;35439.217991;34315.931326;-0.343256;0.500000
P708;36939.579302;33779.695160;-0.343256;0.500000
P709;38439.940613;33243.458993;-0.343256;0.500000
P710;40141.538866;32767.923886;-0.641619;0.200000
P711;40351.728337;32766.788451;-0.939981;0.200000
P712;40552.297681;32703.916826;-1.238344;0.200000
P713;40725.524231;32584.864462;-1.536706;0.200000
P714;40856.101377;32420.151039;-1.835069;0.200000
P715;40720.584241;31919.352207;-1.835069;0.500000
P716;40585.067173;31418.553343;-1.835069;0.500000
P717;40449.550105;30917.754480;-1.835069;0.500000
P718;40314.033037;30416.955616;-1.835069;0.500000
P719;40245.944228;29755.649313;-2.081903;0.200000
P720;40272.111195;29583.531679;-2.328737;0.200000
P721;40255.430652;29410.237278;-2.575571;0.200000
P722;40196.913748;29246.270935;-2.822406;0.200000
P723;40100.107682;29101.572022;-3.069240;0.200000
P724;37903.135372;28942.336550;-3.069240;0.500000
P725;35706.163054;28783.101020;-3.069240;0.500000
P726;33509.190735;28623.865490;-3.069240;0.500000
P727;31312.218416;28464.629960;-3.069240;0.500000
P728;29023.953167;28217.242812;-3.248953;0.200000
P729;28918.373609;28146.829309;-3.428667;0.200000
P730;28801.908151;28096.421953;-3.608381;0.200000
P731;28678.308170;28067.644377;-3.788095;0.200000
P732;28551.554845;28061.423511;-3.967809;0.200000
P733;28054.371987;28600.945839;2.315377;0.500000
P734;27557.189186;29140.468164;2.315377;0.500000
P735;27060.006385;29679.990489;2.315377;0.500000
P736;26562.823583;30219.512815;2.315377;0.500000
P737;25969.963456;30551.644116;1.425896;0.200000
P738;25947.023718;30712.723498;1.314064;0.200000
P739;25968.206312;30889.543199;1.253510;0.200000
P740;26010.287320;31067.069225;1.215314;0.200000
P741;26059.178061;31230.785645;1.188283;0.200000
P742;26103.436411;31366.100713;1.166354;0.200000
P743;27151.598873;32357.190854;0.458878;0.500000
P744;28386.231954;32930.589181;0.458878;0.500000
P745;29620.865036;33503.987509;0.458878;0.500000
P746;30855.498118;34077.385836;0.458878;0.500000
P747;32134.960851;34754.856736;0.298451;0.200000
P748;32195.839341;34850.431866;0.138024;0.200000
P749;32271.203226;34935.055035;-0.022403;0.200000
P750;32359.117041;35006.552986;-0.182829;0.200000
P751;32457.323019;35063.089539;-0.343256;0.200000
P752;33881.520817;34554.074551;-0.343256;0.500000
P753;35305.718632;34045.059569;-0.343256;0.500000
P754;36729.916446;33536.044588;-0.343256;0.500000
P755;38154.114261;33027.029606;-0.343256;0.500000
P756;39779.549018;32578.715684;-0.641619;0.200000
P757;39989.738490;32577.580247;-0.939981;0.200000
P758;40190.307834;32514.708621;-1.238344;0.200000
P759;40363.534384;32395.656256;-1.536706;0.200000
P760;40494.111529;32230.942832;-1.835069;0.200000
P761;40384.195268;31824.751201;-1.835069;0.500000
P762;40274.279075;31418.559538;-1.835069;0.500000
P763;40164.362881;31012.367876;-1.835069;0.500000
P764;40011.958753;30039.477111;-2.081903;0.200000
P765;40038.125718;29867.359479;-2.328737;0.200000
P766;40021.445175;29694.065079;-2.575571;0.200000
P767;39962.928271;29530.098736;-2.822406;0.200000
P768;39866.122205;29385.399824;-3.069240;0.200000
P769;37740.464279;29231.333185;-3.069240;0.500000
P770;35614.806344;29077.266489;-3.069240;0.500000
P771;33489.148408;28923.199792;-3.069240;0.500000
P772;31363.490473;28769.133095;-3.069240;0.500000
P773;29146.539607;28526.914780;-3.248953;0.200000
P774;29040.960050;28456.501277;-3.428667;0.200000
P775;28924.494592;28406.093921;-3.608381;0.200000
P776;28800.894610;28377.316345;-3.788095;0.200000
P777;28674.141286;28371.095479;-3.967809;0.200000
P778;28250.884464;28866.970515;2.315377;0.500000
P779;27827.627699;29362.845549;2.315377;0.500000
P780;27404.370934;29858.720582;2.315377;0.500000
P781;26981.114169;30354.595616;2.315377;0.500000
P782;26438.508379;30604.568522;1.393233;0.200000
P783;26407.167083;30747.029406;1.261098;0.200000
P784;26423.987334;30899.050721;1.188558;0.200000
P785;26463.620878;31048.951476;1.142793;0.200000
P786;26511.095300;31185.823836;1.110794;0.200000
P787;26554.689207;31298.587665;1.085833;0.200000
P788;27541.096172;32208.379606;0.437545;0.500000
P789;28681.949978;32742.054129;0.437545;0.500000
P790;29822.803784;33275.728652;0.437545;0.500000
P791;30963.657591;33809.403175;0.437545;0.500000
P792;32150.088194;34443.531748;0.281385;0.200000
P793;32210.733642;34535.675051;0.125225;0.200000
P794;32284.971853;34617.265164;-0.030936;0.200000
P795;32370.996128;34686.316468;-0.187096;0.200000
P796;32466.712935;34741.148495;-0.343256;0.200000
P797;33816.634780;34258.680076;-0.343256;0.500000
P798;35166.556642;33776.211663;-0.343256;0.500000
P799;36516.478503;33293.743250;-0.343256;0.500000
P800;37866.400364;32811.274837;-0.343256;0.500000
P801;39417.559169;32389.507483;-0.641619;0.200000
P802;39627.748641;32388.372046;-0.939981;0.200000
P803;39828.317986;32325.500418;-1.238344;0.200000
P804;40001.544535;32206.448051;-1.536706;0.200000
P805;40132.121680;32041.734626;-1.835069;0.200000
P806;40047.806294;31730.150196;-1.835069;0.500000
P807;39963.490976;31418.565734;-1.835069;0.500000
P808;39879.175658;31106.981272;-1.835069;0.500000
P809;39777.973279;30323.304909;-2.081903;0.200000
P810;39804.140244;30151.187278;-2.328737;0.200000
P811;39787.459700;29977.892879;-2.575571;0.200000
P812;39728.942796;29813.926538;-2.822406;0.200000
P813;39632.136731;29669.227627;-3.069240;0.200000
P814;37580.738660;29520.543307;-3.069240;0.500000
P815;35529.340580;29371.858930;-3.069240;0.500000
P816;33477.942500;29223.174553;-3.069240;0.500000
P817;31426.544421;29074.490176;-3.069240;0.500000
P818;29280.570624;28835.026212;-3.254900;0.200000
P819;29170.862711;28763.265008;-3.440561;0.200000
P820;29049.793357;28712.988688;-3.626222;0.200000
P821;28921.523837;28685.925300;-3.811882;0.200000
P822;28790.462902;28683.005040;-3.997543;0.200000
P823;28435.400578;29092.067793;2.285642;0.500000
P824;28080.338310;29501.130542;2.285642;0.500000
P825;27725.276043;29910.193291;2.285642;0.500000
P826;27370.213776;30319.256040;2.285642;0.500000
P827;26916.975037;30527.062827;1.407415;0.200000
P828;26898.694835;30690.676281;1.298396;0.200000
P829;26924.054403;30869.663697;1.239309;0.200000
P830;26969.965134;31049.149446;1.201972;0.200000
P831;27022.216524;31214.568228;1.175461;0.200000
P832;27069.153599;31351.236695;1.153786;0.200000
P833;27933.748067;32226.284123;0.437545;0.500000
P834;28980.261021;32674.470211;0.437545;0.500000
P835;30026.773975;33122.656299;0.437545;0.500000
P836;31073.286929;33570.842387;0.437545;0.500000
P837;32165.376680;34119.482527;0.281385;0.200000
P838;32226.022128;34211.625830;0.125225;0.200000
P839;32300.260339;34293.215943;-0.030936;0.200000
P840;32386.284615;34362.267247;-0.187096;0.200000
P841;32482.001424;34417.099274;-0.343256;0.200000
P842;33756.467600;33961.599060;-0.343256;0.500000
P843;35030.933793;33506.098852;-0.343256;0.500000
P844;36305.399986;33050.598643;-0.343256;0.500000
P845;37579.866180;32595.098435;-0.343256;0.500000
P846;39055.569317;32200.299285;-0.641619;0.200000
P847;39265.758790;32199.163846;-0.939981;0.200000
P848;39466.328135;32136.292217;-1.238344;0.200000
P849;39639.554684;32017.239849;-1.536706;0.200000
P850;39770.131828;31852.526421;-1.835069;0.200000
P851;39711.417319;31635.549192;-1.835069;0.500000
P852;39652.702878;31418.571930;-1.835069;0.500000
P853;39593.988437;31201.594668;-1.835069;0.500000
P854;39543.987809;30607.132707;-2.081903;0.200000
P855;39570.154772;30435.015076;-2.328737;0.200000
P856;39553.474228;30261.720679;-2.575571;0.200000
P857;39494.957324;30097.754339;-2.822406;0.200000
P858;39398.151259;29953.055429;-3.069240;0.200000
P859;37419.172123;29809.620000;-3.069240;0.500000
P860;35440.192978;29666.184514;-3.069240;0.500000
P861;33461.213832;29522.749027;-3.069240;0.500000
P862;31482.234687;29379.313540;-3.069240;0.500000
P863;29408.679825;29145.098468;-3.254900;0.200000
P864;29298.971912;29073.337263;-3.440561;0.200000
P865;29177.902558;29023.060944;-3.626222;0.200000
P866;29049.633039;28995.997556;-3.811882;0.200000
P867;28918.572103;28993.077295;-3.997543;0.200000
P868;28635.286488;29360.804187;2.285642;0.500000
P869;28352.000930;29728.531076;2.285642;0.500000
P870;28068.715372;30096.257964;2.285642;0.500000
P871;27372.107866;30585.376728;1.365806;0.200000
P872;27344.774904;30727.883516;1.234392;0.200000
P873;27365.296759;30878.413088;1.161950;0.200000
P874;27408.361483;31026.097221;1.116120;0.200000
P875;27458.854888;31160.575526;1.083994;0.200000
P876;27504.869790;31271.241351;1.058838;0.200000
P877;28313.599018;32064.310376;0.408988;0.500000
P878;29267.633334;32477.815733;0.408988;0.500000
P879;30221.667650;32891.321091;0.408988;0.500000
P880;31175.701965;33304.826448;0.408988;0.500000
P881;32176.122153;33813.958356;0.258539;0.200000
P882;32236.316717;33901.552298;0.108090;0.200000
P883;32308.960059;33979.134699;-0.042359;0.200000
P884;32392.411009;34044.952805;-0.192807;0.200000
P885;32484.784230;34097.519642;-0.343256;0.200000
P886;33686.295874;33668.093715;-0.343256;0.500000
P887;34887.807535;33238.667794;-0.343256;0.500000
P888;36089.319195;32809.241873;-0.343256;0.500000
P889;37290.830856;32379.815952;-0.343256;0.500000
P890;38693.579462;32011.091089;-0.641619;0.200000
P891;38903.768936;32009.955649;-0.939981;0.200000
P892;39104.338281;31947.084018;-1.238344;0.200000
P893;39277.564830;31828.031647;-1.536706;0.200000
P894;39408.141973;31663.318218;-1.835069;0.200000
P895;39375.028342;31540.948188;-1.835069;0.500000
P896;39310.002343;30890.960503;-2.081903;0.200000
P897;39336.169304;30718.842874;-2.328737;0.200000
P898;39319.488759;30545.548478;-2.575571;0.200000
P899;39260.971855;30381.582140;-2.822406;0.200000
P900;39164.165791;30236.883232;-3.069240;0.200000
P901;37261.836517;30099.003349;-3.069240;0.500000
P902;35359.507235;29961.123409;-3.069240;0.500000
P903;33457.177952;29823.243468;-3.069240;0.500000
P904;31554.848669;29685.363528;-3.069240;0.500000
P905;29553.286102;29453.029949;-3.263290;0.200000
P906;29437.701381;29379.484700;-3.457340;0.200000
P907;29310.103966;29329.608539;-3.651390;0.200000
P908;29175.283542;29305.273692;-3.845440;0.200000
P909;29038.300924;29307.393627;-4.039491;0.200000
P910;28818.197740;29583.564219;2.243695;0.500000
P911;28598.094612;29859.734805;2.243695;0.500000
P912;28377.991484;30135.905391;2.243695;0.500000
P913;27836.753674;30495.239379;1.382883;0.200000
P914;27824.788068;30661.989423;1.277657;0.200000
P915;27855.763912;30843.627610;1.220526;0.200000
P916;27906.793107;31025.498511;1.184326;0.200000
P917;27963.527481;31192.973601;1.158495;0.200000
P918;28014.021840;31331.272321;1.137141;0.200000
P919;28698.767961;32095.385021;0.408988;0.500000
P920;29559.159755;32420.528435;0.408988;0.500000
P921;30419.551548;32745.671850;0.408988;0.500000
P922;31279.943342;33070.815264;0.408988;0.500000
P923;32186.721007;33491.585230;0.258539;0.200000
P924;32246.915571;33579.179172;0.108090;0.200000
P925;32319.558914;33656.761574;-0.042359;0.200000
P926;32403.009865;33722.579680;-0.192807;0.200000
P927;32495.383086;33775.146516;-0.343256;0.200000
P928;33622.376987;33448.036855;-0.343256;0.500000
P929;34749.370904;33120.927200;-0.343256;0.500000
P930;35876.364821;32793.817545;-0.343256;0.500000
P931;37003.358737;32466.707890;-0.343256;0.500000
P932;38331.589602;32200.299291;-0.641619;0.200000
P933;38541.779078;32199.163850;-0.939981;0.200000
P934;38742.348424;32136.292217;-1.238344;0.200000
P935;38915.574972;32017.239843;-1.536706;0.200000
P936;39046.152114;31852.526410;-1.835069;0.200000
P937;39038.639363;31749.080300;-1.835069;0.500000
P938;39031.126681;31645.634159;-1.835069;0.500000
P939;39023.613998;31542.188017;-1.835069;0.500000
P940;39016.101315;31438.741875;-1.835069;0.500000
P941;39076.016882;31174.788298;-2.081903;0.200000
P942;39102.183841;31002.670671;-2.328737;0.200000
P943;39085.503295;30829.376277;-2.575571;0.200000
P944;39026.986391;30665.409941;-2.822406;0.200000
P945;38930.180328;30520.711035;-3.069240;0.200000
P946;37101.856585;30388.195039;-3.069240;0.500000
P947;35273.532834;30255.678984;-3.069240;0.500000
P948;33445.209082;30123.162930;-3.069240;0.500000
P949;31616.885331;29990.646876;-3.069240;0.500000
P950;29689.328295;29763.677184;-3.263290;0.200000
P951;29573.743573;29690.131934;-3.457340;0.200000
P952;29446.146159;29640.255774;-3.651390;0.200000
P953;29311.325734;29615.920926;-3.845440;0.200000
P954;29174.343117;29618.040861;-4.039491;0.200000
P955;29022.793787;29855.969325;2.243695;0.500000
P956;28871.244514;30093.897781;2.243695;0.500000
P957;28719.695240;30331.826237;2.243695;0.500000
P958;28269.743127;30560.142048;1.327966;0.200000
P959;28248.041459;30702.258965;1.198058;0.200000
P960;28273.411150;30850.272271;1.125908;0.200000
P961;28320.796779;30994.444509;1.080027;0.200000
P962;28375.007207;31125.202096;1.047706;0.200000
P963;28423.942979;31232.640541;1.022201;0.200000
P964;29065.982996;31916.402813;0.368751;0.500000
P965;29841.365370;32216.031734;0.368751;0.500000
P966;30616.747743;32515.660654;0.368751;0.500000
P967;31392.130116;32815.289575;0.368751;0.500000
P968;32210.608183;33197.217862;0.237276;0.200000
P969;32264.121110;33273.157241;0.105801;0.200000
P970;32327.127605;33341.425859;-0.025674;0.200000
P971;32398.540122;33400.845343;-0.157150;0.200000
P972;32477.126021;33450.390062;-0.288625;0.200000
P973;33537.069439;33135.676226;-0.288625;0.500000
P974;34597.012873;32820.962394;-0.288625;0.500000
P975;35656.956307;32506.248563;-0.288625;0.500000
P976;36716.899741;32191.534732;-0.288625;0.500000
P977;37971.723459;31947.862864;-0.583031;0.200000
P978;38178.833247;31959.299613;-0.877436;0.200000
P979;38380.350698;31910.146991;-1.171842;0.200000
P980;38558.935132;31804.634606;-1.466248;0.200000
P981;38699.219266;31651.841854;-1.760654;0.200000
P982;27662.680285;30114.483438;0.000000;0.000000
P983;29968.210480;30114.483438;0.000000;0.500000
P984;32273.740676;30114.483438;0.000000;0.500000
P985;34579.270871;30114.483438;0.000000;0.500000
P986;36884.801066;30114.483438;0.000000;0.500000
P987;39190.331262;30114.483438;0.000000;0.500000
P988;39337.277578;30162.229192;0.628319;0.200000
P989;39428.095391;30287.229191;1.256637;0.200000
P990;39428.095391;30441.737686;1.884956;0.200000
P991;39337.277578;30566.737685;2.513274;0.200000
P992;39190.331268;30614.483438;3.141593;0.200000
P993;36484.801066;30614.483438;3.141593;0.500000
P994;34279.270871;30614.483438;3.141593;0.500000
P995;32073.740676;30614.483438;3.141593;0.500000
P996;29868.210480;30614.483438;3.141593;0.500000
P997;27662.680285;30614.483438;3.141593;0.500000
P998;27515.733958;30662.229200;2.513274;0.200000
P999;27424.916152;30787.229204;1.884956;0.200000
P1000;27424.916160;30941.737698;1.256637;0.200000
P1001;27515.733980;31066.737692;0.628319;0.200000
P1002;27662.680292;31114.483438;0.000000;0.200000
P1003;29968.210480;31114.483438;0.000000;0.500000
P1004;32273.740676;31114.483438;0.000000;0.500000
P1005;34579.270871;31114.483438;0.000000;0.500000
P1006;36884.801066;31114.483438;0.000000;0.500000
P1007;39190.331262;31114.483438;0.000000;0.500000
P1008;39337.277578;31162.229192;0.628319;0.200000
P1009;39428.095391;31287.229191;1.256637;0.200000
P1010;39428.095391;31441.737686;1.884956;0.200000
P1011;39337.277578;31566.737685;2.513274;0.200000
P1012;39190.331268;31614.483438;3.141593;0.200000
P1013;36484.801066;31614.483438;3.141593;0.500000
P1014;34279.270871;31614.483438;3.141593;0.500000
P1015;32073.740676;31614.483438;3.141593;0.500000
P1016;29868.210480;31614.483438;3.141593;0.500000
P1017;27662.680285;31614.483438;3.141593;0.500000
P1018;27515.733958;31662.229200;2.513274;0.200000
P1019;27424.916152;31787.229204;1.884956;0.200000
P1020;27424.916160;31941.737698;1.256637;0.200000
P1021;27515.733980;32066.737692;0.628319;0.200000
P1022;27662.680292;32114.483438;0.000000;0.200000
P1023;29968.210480;32114.483438;0.000000;0.500000
P1024;32273.740676;32114.483438;0.000000;0.500000
P1025;34579.270871;32114.483438;0.000000;0.500000
P1026;36884.801066;32114.483438;0.000000;0.500000
P1027;39190.331262;32114.483438;0.000000;0.500000
P1028;39337.277578;32162.229192;0.628319;0.200000
P1029;39428.095391;32287.229191;1.256637;0.200000
P1030;39428.095391;32441.737686;1.884956;0.200000
P1031;39337.277578;32566.737685;2.513274;0.200000
P1032;39190.331268;32614.483438;3.141593;0.200000
P1033;36484.801066;32614.483438;3.141593;0.500000
P1034;34279.270871;32614.483438;3.141593;0.500000
P1035;32073.740676;32614.483438;3.141593;0.500000
P1036;29868.210480;32614.483438;3.141593;0.500000
P1037;27662.680285;32614.483438;3.141593;0.500000
P1038;27515.733958;32662.229200;2.513274;0.200000
P1039;27424.916152;32787.229204;1.884956;0.200000
P1040;27424.916160;32941.737698;1.256637;0.200000
P1041;27515.733980;33066.737692;0.628319;0.200000
P1042;27662.680292;33114.483438;0.000000;0.200000
P1043;29968.210480;33114.483438;0.000000;0.500000
P1044;32273.740676;33114.483438;0.000000;0.500000
P1045;34579.270871;33114.483438;0.000000;0.500000
P1046;36884.801066;33114.483438;0.000000;0.500000
P1047;39190.331262;33114.483438;0.000000;0.500000
P1048;39337.277578;33162.229192;0.628319;0.200000
P1049;39428.095391;33287.229191;1.256637;0.200000
P1050;39428.095391;33441.737686;1.884956;0.200000
P1051;39337.277578;33566.737685;2.513274;0.200000
P1052;39190.331268;33614.483438;3.141593;0.200000
P1053;36484.801066;33614.483438;3.141593;0.500000
P1054;34279.270871;33614.483438;3.141593;0.500000
P1055;32073.740676;33614.483438;3.141593;0.500000
P1056;29868.210480;33614.483438;3.141593;0.500000
P1057;27662.680285;33614.483438;3.141593;0.500000
