57.345;35.101;0.5
67.88;24.092;0.5
67.919;23.924;0.2
67.916;23.751;0.2
67.872;23.584;0.2
67.789;23.433;0.2
67.671;23.307;0.2
63.83;23.638;0.5
59.99;23.969;0.5
56.149;24.3;0.5
52.308;24.631;0.5
48.334;24.873;0.2
48.183;24.817;0.2
48.024;24.796;0.2
47.865;24.812;0.2
47.712;24.863;0.2
46.927;27.028;0.5
46.141;29.194;0.5
45.356;31.36;0.5
44.57;33.526;0.5
43.68;35.752;0.2
43.587;35.829;0.2
43.509;35.921;0.2
43.448;36.024;0.2
43.405;36.137;0.2
44.394;37.926;0.5
45.384;39.715;0.5
46.373;41.504;0.5
47.363;43.293;0.5
48.326;45.241;0.2
48.336;45.403;0.2
48.383;45.558;0.2
48.464;45.698;0.2
48.574;45.816;0.2
51.448;45.582;0.5
54.321;45.347;0.5
57.194;45.112;0.5
60.067;44.877;0.5
63.02;44.701;0.2
63.106;44.748;0.2
63.198;44.782;0.2
63.295;44.803;0.2
63.393;44.811;0.2
65.204;43.026;0.5
67.016;41.242;0.5
68.828;39.458;0.5
70.639;37.673;0.5
72.623;35.869;0.2
72.785;35.808;0.2
72.927;35.71;0.2
73.041;35.58;0.2
73.12;35.426;0.2
72.072;33.159;0.5
71.024;30.892;0.5
69.976;28.625;0.5
68.928;26.359;0.5
68.117;24.176;0.2
68.035;24.074;0.2
67.925;23.995;0.2
67.806;23.931;0.2
67.693;23.881;0.2
67.597;23.842;0.2
63.727;23.948;0.5
59.966;24.272;0.5
56.205;24.596;0.5
52.445;24.92;0.5
48.55;25.156;0.2
48.4;25.099;0.2
48.241;25.079;0.2
48.081;25.094;0.2
47.929;25.145;0.2
47.166;27.249;0.5
46.403;29.353;0.5
45.639;31.458;0.5
44.876;33.562;0.5
44.009;35.726;0.2
43.916;35.803;0.2
43.838;35.895;0.2
43.776;35.999;0.2
43.733;36.111;0.2
44.691;37.842;0.5
45.648;39.574;0.5
46.606;41.305;0.5
47.564;43.036;0.5
48.495;44.927;0.2
48.505;45.088;0.2
48.552;45.243;0.2
48.633;45.383;0.2
48.743;45.502;0.2
51.556;45.272;0.5
54.369;45.042;0.5
57.182;44.812;0.5
59.995;44.582;0.5
62.887;44.411;0.2
62.973;44.458;0.2
63.066;44.492;0.2
63.162;44.513;0.2
63.26;44.521;0.2
65.026;42.781;0.5
66.792;41.042;0.5
68.558;39.302;0.5
70.324;37.563;0.5
72.262;35.803;0.2
72.424;35.742;0.2
72.566;35.644;0.2
72.68;35.514;0.2
72.759;35.36;0.2
71.746;33.17;0.5
70.734;30.98;0.5
69.721;28.789;0.5
68.708;26.599;0.5
67.933;24.493;0.2
67.851;24.391;0.2
67.741;24.312;0.2
67.623;24.248;0.2
67.509;24.197;0.2
67.413;24.159;0.2
63.623;24.258;0.5
59.942;24.575;0.5
56.262;24.892;0.5
52.581;25.21;0.5
48.767;25.438;0.2
48.617;25.382;0.2
48.458;25.361;0.2
48.298;25.376;0.2
48.146;25.427;0.2
47.405;27.47;0.5
46.664;29.513;0.5
45.923;31.555;0.5
45.182;33.598;0.5
44.337;35.7;0.2
44.244;35.777;0.2
44.166;35.869;0.2
44.105;35.973;0.2
44.062;36.085;0.2
44.987;37.759;0.5
45.913;39.432;0.5
46.839;41.105;0.5
47.764;42.779;0.5
48.663;44.612;0.2
48.674;44.773;0.2
48.72;44.928;0.2
48.801;45.069;0.2
48.912;45.187;0.2
51.664;44.962;0.5
54.417;44.737;0.5
57.169;44.512;0.5
59.922;44.287;0.5
62.754;44.121;0.2
62.84;44.167;0.2
62.933;44.202;0.2
63.029;44.223;0.2
63.127;44.23;0.2
64.847;42.536;0.5
66.568;40.841;0.5
68.288;39.147;0.5
70.009;37.452;0.5
71.901;35.738;0.2
72.063;35.677;0.2
72.205;35.578;0.2
72.319;35.448;0.2
72.398;35.294;0.2
71.421;33.181;0.5
70.444;31.067;0.5
69.466;28.953;0.5
68.489;26.839;0.5
67.749;24.81;0.2
67.667;24.708;0.2
67.557;24.629;0.2
67.439;24.565;0.2
67.325;24.514;0.2
67.229;24.476;0.2
63.519;24.568;0.5
59.918;24.878;0.5
56.318;25.189;0.5
52.718;25.499;0.5
48.984;25.721;0.2
48.833;25.664;0.2
48.674;25.643;0.2
48.515;25.659;0.2
48.363;25.71;0.2
47.644;27.691;0.5
46.926;29.672;0.5
46.207;31.653;0.5
45.489;33.633;0.5
44.666;35.675;0.2
44.573;35.752;0.2
44.495;35.843;0.2
44.433;35.947;0.2
44.39;36.059;0.2
45.284;37.675;0.5
46.178;39.291;0.5
47.071;40.906;0.5
47.965;42.522;0.5
48.832;44.297;0.2
48.842;44.459;0.2
48.889;44.614;0.2
48.97;44.754;0.2
49.081;44.872;0.2
51.773;44.652;0.5
54.465;44.432;0.5
57.157;44.212;0.5
59.849;43.992;0.5
62.621;43.831;0.2
62.707;43.877;0.2
62.8;43.912;0.2
62.896;43.933;0.2
62.994;43.94;0.2
64.669;42.291;0.5
66.344;40.641;0.5
68.019;38.991;0.5
69.693;37.342;0.5
71.54;35.672;0.2
71.702;35.611;0.2
71.844;35.513;0.2
71.958;35.383;0.2
72.037;35.229;0.2
71.095;33.192;0.5
70.154;31.154;0.5
69.212;29.117;0.5
68.27;27.08;0.5
67.565;25.127;0.2
67.483;25.025;0.2
67.373;24.946;0.2
67.255;24.882;0.2
67.141;24.831;0.2
67.045;24.793;0.2
63.415;24.878;0.5
59.895;25.181;0.5
56.375;25.485;0.5
52.854;25.788;0.5
49.2;26.003;0.2
49.05;25.947;0.2
48.891;25.926;0.2
48.731;25.941;0.2
48.579;25.992;0.2
47.883;27.912;0.5
47.187;29.831;0.5
46.491;31.75;0.5
45.795;33.669;0.5
44.994;35.649;0.2
44.901;35.726;0.2
44.823;35.817;0.2
44.762;35.921;0.2
44.719;36.033;0.2
45.58;37.591;0.5
46.442;39.149;0.5
47.304;40.707;0.5
48.166;42.265;0.5
49.001;43.982;0.2
49.011;44.144;0.2
49.058;44.299;0.2
49.139;44.439;0.2
49.249;44.557;0.2
51.881;44.342;0.5
54.513;44.127;0.5
57.145;43.912;0.5
59.777;43.697;0.5
62.488;43.54;0.2
62.574;43.587;0.2
62.667;43.621;0.2
62.763;43.643;0.2
62.861;43.65;0.2
64.49;42.072;0.5
66.12;40.493;0.5
67.749;38.915;0.5
69.378;37.336;0.5
71.179;35.738;0.2
71.341;35.677;0.2
71.483;35.578;0.2
71.597;35.448;0.2
71.677;35.294;0.2
70.77;33.308;0.5
69.863;31.321;0.5
68.957;29.334;0.5
68.05;27.347;0.5
67.379;25.445;0.2
67.297;25.343;0.2
67.187;25.263;0.2
67.068;25.199;0.2
66.955;25.149;0.2
66.858;25.111;0.2
63.309;25.188;0.5
59.869;25.485;0.5
56.43;25.781;0.5
52.99;26.078;0.5
49.417;26.285;0.2
49.267;26.229;0.2
49.108;26.208;0.2
48.948;26.224;0.2
48.796;26.275;0.2
48.122;28.132;0.5
47.448;29.99;0.5
46.775;31.847;0.5
46.101;33.705;0.5
45.323;35.623;0.2
45.23;35.7;0.2
45.152;35.791;0.2
45.09;35.895;0.2
45.047;36.008;0.2
45.877;37.508;0.5
46.707;39.008;0.5
47.537;40.508;0.5
48.366;42.008;0.5
49.169;43.668;0.2
49.18;43.829;0.2
49.227;43.984;0.2
49.307;44.124;0.2
49.418;44.242;0.2
51.99;44.032;0.5
54.563;43.822;0.5
57.135;43.612;0.5
59.707;43.402;0.5
62.358;43.249;0.2
62.443;43.296;0.2
62.534;43.33;0.2
62.629;43.352;0.2
62.726;43.36;0.2
64.309;41.825;0.5
65.892;40.29;0.5
67.475;38.755;0.5
69.058;37.22;0.5
70.814;35.667;0.2
70.976;35.607;0.2
71.119;35.509;0.2
71.234;35.38;0.2
71.315;35.226;0.2
70.443;33.317;0.5
69.571;31.407;0.5
68.699;29.498;0.5
67.828;27.589;0.5
67.193;25.765;0.2
67.111;25.663;0.2
67.001;25.583;0.2
66.883;25.519;0.2
66.769;25.468;0.2
66.673;25.429;0.2
63.204;25.498;0.5
59.845;25.788;0.5
56.486;26.077;0.5
53.127;26.367;0.5
49.634;26.568;0.2
49.483;26.512;0.2
49.324;26.491;0.2
49.165;26.506;0.2
49.013;26.557;0.2
48.361;28.353;0.5
47.71;30.149;0.5
47.058;31.945;0.5
46.407;33.741;0.5
45.651;35.597;0.2
45.559;35.674;0.2
45.48;35.766;0.2
45.419;35.869;0.2
45.376;35.982;0.2
46.173;37.424;0.5
46.971;38.866;0.5
47.769;40.309;0.5
48.567;41.751;0.5
49.338;43.353;0.2
49.349;43.514;0.2
49.395;43.669;0.2
49.476;43.809;0.2
49.587;43.928;0.2
52.099;43.722;0.5
54.611;43.517;0.5
57.123;43.312;0.5
59.635;43.107;0.5
62.226;42.959;0.2
62.311;43.006;0.2
62.402;43.04;0.2
62.497;43.061;0.2
62.594;43.069;0.2
64.132;41.606;0.5
65.669;40.143;0.5
67.206;38.68;0.5
68.743;37.217;0.5
70.453;35.735;0.2
70.615;35.675;0.2
70.759;35.577;0.2
70.874;35.448;0.2
70.954;35.294;0.2
70.117;33.434;0.5
69.281;31.575;0.5
68.444;29.716;0.5
67.607;27.856;0.5
67.005;26.083;0.2
66.924;25.98;0.2
66.814;25.9;0.2
66.695;25.836;0.2
66.581;25.785;0.2
66.485;25.747;0.2
63.097;25.809;0.5
59.819;26.091;0.5
56.541;26.374;0.5
53.262;26.656;0.5
49.85;26.85;0.2
49.7;26.794;0.2
49.541;26.773;0.2
49.381;26.789;0.2
49.229;26.84;0.2
48.6;28.574;0.5
47.971;30.308;0.5
47.342;32.042;0.5
46.713;33.777;0.5
45.98;35.571;0.2
45.887;35.648;0.2
45.809;35.74;0.2
45.747;35.843;0.2
45.704;35.956;0.2
46.47;37.34;0.5
47.236;38.725;0.5
48.002;40.109;0.5
48.768;41.494;0.5
49.507;43.038;0.2
49.517;43.2;0.2
49.564;43.354;0.2
49.645;43.495;0.2
49.755;43.613;0.2
52.208;43.412;0.5
54.661;43.212;0.5
57.114;43.012;0.5
59.567;42.811;0.5
62.097;42.668;0.2
62.181;42.714;0.2
62.271;42.748;0.2
62.365;42.77;0.2
62.46;42.779;0.2
63.951;41.359;0.5
65.442;39.939;0.5
66.932;38.519;0.5
68.423;37.099;0.5
70.086;35.661;0.2
70.25;35.602;0.2
70.394;35.505;0.2
70.51;35.376;0.2
70.592;35.222;0.2
69.79;33.441;0.5
68.988;31.66;0.5
68.186;29.88;0.5
67.383;28.099;0.5
66.818;26.403;0.2
66.736;26.301;0.2
66.627;26.22;0.2
66.508;26.156;0.2
66.395;26.104;0.2
66.298;26.066;0.2
62.992;26.119;0.5
59.794;26.395;0.5
56.596;26.67;0.5
53.398;26.946;0.5
50.067;27.133;0.2
49.917;27.077;0.2
49.758;27.056;0.2
49.598;27.071;0.2
49.446;27.122;0.2
48.839;28.795;0.5
48.233;30.467;0.5
47.626;32.14;0.5
47.019;33.812;0.5
46.308;35.545;0.2
46.216;35.622;0.2
46.137;35.714;0.2
46.076;35.817;0.2
46.033;35.93;0.2
46.767;37.257;0.5
47.5;38.583;0.5
48.234;39.91;0.5
48.968;41.237;0.5
49.676;42.723;0.2
49.686;42.885;0.2
49.733;43.04;0.2
49.814;43.18;0.2
49.924;43.298;0.2
52.317;43.103;0.5
54.71;42.907;0.5
57.104;42.712;0.5
59.497;42.516;0.5
61.967;42.378;0.2
62.051;42.424;0.2
62.141;42.458;0.2
62.235;42.48;0.2
62.33;42.488;0.2
63.775;41.141;0.5
65.219;39.793;0.5
66.664;38.445;0.5
68.108;37.097;0.5
69.726;35.732;0.2
69.889;35.673;0.2
70.033;35.576;0.2
70.15;35.447;0.2
70.231;35.293;0.2
69.464;33.561;0.5
68.697;31.83;0.5
67.929;30.098;0.5
67.162;28.367;0.5
66.629;26.722;0.2
66.548;26.618;0.2
66.438;26.538;0.2
66.319;26.474;0.2
66.205;26.422;0.2
66.109;26.383;0.2
62.883;26.429;0.5
59.767;26.698;0.5
56.65;26.967;0.5
53.534;27.235;0.5
50.284;27.415;0.2
50.133;27.359;0.2
49.974;27.338;0.2
49.815;27.353;0.2
49.663;27.404;0.2
49.078;29.015;0.5
48.494;30.626;0.5
47.91;32.237;0.5
47.325;33.848;0.5
46.637;35.519;0.2
46.544;35.596;0.2
46.466;35.688;0.2
46.404;35.791;0.2
46.361;35.904;0.2
47.063;37.173;0.5
47.765;38.442;0.5
48.467;39.711;0.5
49.169;40.98;0.5
49.844;42.408;0.2
49.855;42.57;0.2
49.901;42.725;0.2
49.982;42.865;0.2
50.093;42.983;0.2
52.427;42.793;0.5
54.761;42.602;0.5
57.096;42.411;0.5
59.43;42.221;0.5
61.84;42.086;0.2
61.923;42.132;0.2
62.011;42.166;0.2
62.103;42.188;0.2
62.198;42.197;0.2
63.595;40.892;0.5
64.992;39.587;0.5
66.39;38.281;0.5
67.787;36.976;0.5
69.359;35.655;0.2
69.523;35.597;0.2
69.669;35.501;0.2
69.786;35.372;0.2
69.869;35.218;0.2
69.136;33.566;0.5
68.403;31.913;0.5
67.67;30.261;0.5
66.937;28.609;0.5
66.44;27.042;0.2
66.359;26.939;0.2
66.25;26.859;0.2
66.131;26.794;0.2
66.017;26.742;0.2
65.921;26.702;0.2
62.777;26.74;0.5
59.741;27.001;0.5
56.705;27.263;0.5
53.67;27.525;0.5
50.5;27.698;0.2
50.35;27.641;0.2
50.191;27.62;0.2
50.031;27.636;0.2
49.879;27.687;0.2
49.317;29.236;0.5
48.755;30.785;0.5
48.194;32.335;0.5
47.632;33.884;0.5
46.965;35.493;0.2
46.873;35.57;0.2
46.794;35.662;0.2
46.733;35.766;0.2
46.69;35.878;0.2
47.36;37.089;0.5
48.03;38.3;0.5
48.7;39.512;0.5
49.37;40.723;0.5
50.013;42.094;0.2
50.023;42.255;0.2
50.07;42.41;0.2
50.151;42.55;0.2
50.262;42.669;0.2
52.536;42.483;0.5
54.811;42.297;0.5
57.086;42.111;0.5
59.361;41.925;0.5
61.712;41.796;0.2
61.795;41.841;0.2
61.883;41.875;0.2
61.975;41.897;0.2
62.069;41.907;0.2
63.42;40.674;0.5
64.771;39.442;0.5
66.122;38.209;0.5
67.473;36.977;0.5
68.998;35.728;0.2
69.162;35.671;0.2
69.308;35.575;0.2
69.426;35.446;0.2
69.508;35.292;0.2
68.81;33.688;0.5
68.111;32.084;0.5
67.413;30.481;0.5
66.715;28.877;0.5
66.25;27.361;0.2
66.169;27.257;0.2
66.059;27.176;0.2
65.941;27.111;0.2
65.827;27.059;0.2
65.73;27.02;0.2
62.667;27.05;0.5
59.713;27.305;0.5
56.759;27.56;0.5
53.805;27.814;0.5
50.717;27.98;0.2
50.567;27.924;0.2
50.408;27.903;0.2
50.248;27.918;0.2
50.096;27.969;0.2
49.556;29.457;0.5
49.017;30.944;0.5
48.477;32.432;0.5
47.938;33.92;0.5
47.294;35.467;0.2
47.201;35.544;0.2
47.123;35.636;0.2
47.061;35.74;0.2
47.018;35.852;0.2
47.656;37.006;0.5
48.294;38.159;0.5
48.932;39.312;0.5
49.57;40.466;0.5
50.182;41.779;0.2
50.192;41.94;0.2
50.239;42.095;0.2
50.32;42.236;0.2
50.43;42.354;0.2
52.647;42.173;0.5
54.863;41.992;0.5
57.079;41.811;0.5
59.296;41.629;0.5
61.587;41.504;0.2
61.668;41.549;0.2
61.755;41.583;0.2
61.845;41.605;0.2
61.938;41.616;0.2
63.241;40.425;0.5
64.545;39.234;0.5
65.848;38.043;0.5
67.152;36.852;0.5
68.63;35.648;0.2
68.796;35.591;0.2
68.943;35.496;0.2
69.062;35.368;0.2
69.146;35.214;0.2
68.481;33.69;0.5
67.817;32.166;0.5
67.153;30.643;0.5
66.488;29.119;0.5
66.06;27.682;0.2
65.979;27.578;0.2
65.869;27.497;0.2
65.751;27.432;0.2
65.637;27.379;0.2
65.54;27.34;0.2
62.559;27.361;0.5
59.686;27.608;0.5
56.813;27.856;0.5
53.94;28.104;0.5
50.934;28.263;0.2
50.783;28.206;0.2
50.624;28.185;0.2
50.465;28.201;0.2
50.313;28.252;0.2
49.795;29.678;0.5
49.278;31.104;0.5
48.761;32.529;0.5
48.244;33.955;0.5
47.622;35.441;0.2
47.53;35.518;0.2
47.451;35.61;0.2
47.39;35.714;0.2
47.347;35.826;0.2
47.953;36.922;0.5
48.559;38.018;0.5
49.165;39.113;0.5
49.771;40.209;0.5
50.35;41.464;0.2
50.361;41.626;0.2
50.408;41.781;0.2
50.488;41.921;0.2
50.599;42.039;0.2
52.756;41.863;0.5
54.914;41.686;0.5
57.071;41.51;0.5
59.228;41.334;0.5
61.46;41.213;0.2
61.542;41.258;0.2
61.628;41.292;0.2
61.719;41.315;0.2
61.811;41.325;0.2
63.068;40.208;0.5
64.325;39.09;0.5
65.581;37.973;0.5
66.838;36.856;0.5
68.269;35.725;0.2
68.435;35.668;0.2
68.582;35.573;0.2
68.701;35.444;0.2
68.785;35.29;0.2
68.155;33.815;0.5
67.525;32.339;0.5
66.895;30.864;0.5
66.265;29.388;0.5
65.868;28.001;0.2
65.787;27.897;0.2
65.677;27.815;0.2
65.558;27.75;0.2
65.444;27.697;0.2
65.348;27.657;0.2
62.448;27.671;0.5
59.657;27.912;0.5
56.866;28.152;0.5
54.075;28.393;0.5
51.15;28.545;0.2
51;28.489;0.2
50.841;28.468;0.2
50.681;28.483;0.2
50.529;28.534;0.2
50.035;29.898;0.5
49.54;31.263;0.5
49.045;32.627;0.5
48.55;33.991;0.5
47.951;35.416;0.2
47.858;35.493;0.2
47.78;35.584;0.2
47.718;35.688;0.2
47.675;35.8;0.2
48.249;36.838;0.5
48.823;37.876;0.5
49.398;38.914;0.5
49.972;39.952;0.5
50.519;41.149;0.2
50.53;41.311;0.2
50.576;41.466;0.2
50.657;41.606;0.2
50.768;41.724;0.2
52.867;41.553;0.5
54.966;41.381;0.5
57.066;41.21;0.5
59.165;41.038;0.5
61.338;40.921;0.2
61.417;40.966;0.2
61.502;41;0.2
61.591;41.022;0.2
61.681;41.034;0.2
62.89;39.957;0.5
64.099;38.881;0.5
65.308;37.804;0.5
66.516;36.728;0.5
67.901;35.639;0.2
68.068;35.585;0.2
68.216;35.49;0.2
68.337;35.362;0.2
68.422;35.208;0.2
67.826;33.814;0.5
67.229;32.419;0.5
66.633;31.024;0.5
66.036;29.63;0.5
65.675;28.323;0.2
65.595;28.218;0.2
65.485;28.137;0.2
65.367;28.071;0.2
65.253;28.018;0.2
65.156;27.978;0.2
62.339;27.982;0.5
59.629;28.215;0.5
56.92;28.449;0.5
54.21;28.683;0.5
51.367;28.827;0.2
51.217;28.771;0.2
51.058;28.75;0.2
50.898;28.766;0.2
50.746;28.817;0.2
50.274;30.119;0.5
49.801;31.422;0.5
49.329;32.724;0.5
48.856;34.027;0.5
48.279;35.39;0.2
48.187;35.467;0.2
48.108;35.558;0.2
48.047;35.662;0.2
48.004;35.775;0.2
48.546;36.755;0.5
49.088;37.735;0.5
49.63;38.715;0.5
50.172;39.695;0.5
50.688;40.835;0.2
50.698;40.996;0.2
50.745;41.151;0.2
50.826;41.291;0.2
50.936;41.409;0.2
52.977;41.243;0.5
55.018;41.076;0.5
57.059;40.909;0.5
59.099;40.743;0.5
61.213;40.63;0.2
61.293;40.675;0.2
61.378;40.709;0.2
61.466;40.732;0.2
61.557;40.743;0.2
62.718;39.74;0.5
63.88;38.738;0.5
65.041;37.736;0.5
66.203;36.734;0.5
67.54;35.72;0.2
67.707;35.665;0.2
67.856;35.571;0.2
67.976;35.443;0.2
68.062;35.289;0.2
67.499;33.942;0.5
66.937;32.594;0.5
66.374;31.247;0.5
65.812;29.9;0.5
65.482;28.642;0.2
65.401;28.537;0.2
65.292;28.455;0.2
65.173;28.389;0.2
65.058;28.336;0.2
64.962;28.295;0.2
62.226;28.293;0.5
59.599;28.519;0.5
56.972;28.746;0.5
54.345;28.972;0.5
51.584;29.11;0.2
51.434;29.054;0.2
51.274;29.033;0.2
51.115;29.048;0.2
50.963;29.099;0.2
50.513;30.34;0.5
50.063;31.581;0.5
49.612;32.822;0.5
49.162;34.063;0.5
48.608;35.364;0.2
48.515;35.441;0.2
48.437;35.532;0.2
48.375;35.636;0.2
48.332;35.749;0.2
48.842;36.671;0.5
49.353;37.593;0.5
49.863;38.515;0.5
50.373;39.438;0.5
50.857;40.52;0.2
50.867;40.681;0.2
50.914;40.836;0.2
50.995;40.976;0.2
51.105;41.095;0.2
53.088;40.933;0.5
55.072;40.771;0.5
57.055;40.609;0.5
59.039;40.446;0.5
61.093;40.338;0.2
61.171;40.382;0.2
61.254;40.415;0.2
61.34;40.439;0.2
61.428;40.451;0.2
62.541;39.488;0.5
63.654;38.526;0.5
64.767;37.564;0.5
65.88;36.601;0.5
67.17;35.63;0.2
67.339;35.577;0.2
67.489;35.484;0.2
67.612;35.356;0.2
67.699;35.202;0.2
67.17;33.937;0.5
66.64;32.672;0.5
66.111;31.406;0.5
65.581;30.141;0.5
65.287;28.964;0.2
65.207;28.859;0.2
65.098;28.777;0.2
64.979;28.71;0.2
64.865;28.657;0.2
64.768;28.616;0.2
62.115;28.603;0.5
59.57;28.823;0.5
57.025;29.042;0.5
54.479;29.262;0.5
51.8;29.392;0.2
51.65;29.336;0.2
51.491;29.315;0.2
51.331;29.33;0.2
51.179;29.382;0.2
50.752;30.561;0.5
50.324;31.74;0.5
49.896;32.919;0.5
49.469;34.098;0.5
48.936;35.338;0.2
48.844;35.415;0.2
48.765;35.507;0.2
48.704;35.61;0.2
48.661;35.723;0.2
49.139;36.587;0.5
49.617;37.452;0.5
50.095;38.316;0.5
50.574;39.181;0.5
51.025;40.205;0.2
51.036;40.366;0.2
51.082;40.521;0.2
51.163;40.662;0.2
51.274;40.78;0.2
53.199;40.623;0.5
55.124;40.465;0.5
57.049;40.308;0.5
58.975;40.151;0.5
60.971;40.047;0.2
61.049;40.091;0.2
61.132;40.124;0.2
61.218;40.148;0.2
61.306;40.16;0.2
62.372;39.272;0.5
63.437;38.385;0.5
64.502;37.498;0.5
65.568;36.611;0.5
66.809;35.715;0.2
66.978;35.662;0.2
67.129;35.568;0.2
67.251;35.441;0.2
67.338;35.287;0.2
66.843;34.068;0.5
66.347;32.849;0.5
65.851;31.631;0.5
65.356;30.412;0.5
65.091;29.284;0.2
65.011;29.178;0.2
64.901;29.096;0.2
64.782;29.029;0.2
64.668;28.975;0.2
64.571;28.934;0.2
62.001;28.914;0.5
59.538;29.127;0.5
57.076;29.339;0.5
54.613;29.551;0.5
52.017;29.675;0.2
51.867;29.618;0.2
51.708;29.597;0.2
51.548;29.613;0.2
51.396;29.664;0.2
50.991;30.782;0.5
50.585;31.899;0.5
50.18;33.017;0.5
49.775;34.134;0.5
49.265;35.312;0.2
49.172;35.389;0.2
49.094;35.481;0.2
49.032;35.584;0.2
48.989;35.697;0.2
49.436;36.504;0.5
49.882;37.31;0.5
50.328;38.117;0.5
50.774;38.924;0.5
51.194;39.89;0.2
51.204;40.052;0.2
51.251;40.207;0.2
51.332;40.347;0.2
51.443;40.465;0.2
53.311;40.312;0.5
55.18;40.16;0.5
57.048;40.007;0.5
58.917;39.854;0.5
60.855;39.754;0.2
60.93;39.797;0.2
61.01;39.83;0.2
61.094;39.854;0.2
61.18;39.867;0.2
62.196;39.019;0.5
63.212;38.17;0.5
64.228;37.322;0.5
65.244;36.473;0.5
66.438;35.618;0.2
66.609;35.568;0.2
66.761;35.476;0.2
66.886;35.349;0.2
66.975;35.195;0.2
66.512;34.059;0.5
66.049;32.924;0.5
65.586;31.788;0.5
65.123;30.653;0.5
64.894;29.607;0.2
64.814;29.501;0.2
64.705;29.418;0.2
64.586;29.351;0.2
64.472;29.296;0.2
64.376;29.255;0.2
61.888;29.225;0.5
59.508;29.43;0.5
57.128;29.635;0.5
54.748;29.841;0.5
52.234;29.957;0.2
52.084;29.901;0.2
51.925;29.88;0.2
51.765;29.895;0.2
51.613;29.946;0.2
51.23;31.002;0.5
50.847;32.058;0.5
50.464;33.114;0.5
50.081;34.17;0.5
49.593;35.286;0.2
49.501;35.363;0.2
49.422;35.455;0.2
49.361;35.558;0.2
49.318;35.671;0.2
49.732;36.42;0.5
50.146;37.169;0.5
50.561;37.918;0.5
50.975;38.667;0.5
51.363;39.575;0.2
51.373;39.737;0.2
51.42;39.892;0.2
51.501;40.032;0.2
51.611;40.15;0.2
53.422;40.002;0.5
55.233;39.854;0.5
57.044;39.706;0.5
58.855;39.558;0.5
60.736;39.463;0.2
60.811;39.506;0.2
60.891;39.539;0.2
60.974;39.563;0.2
61.06;39.576;0.2
62.028;38.804;0.5
62.996;38.031;0.5
63.964;37.259;0.5
64.932;36.487;0.5
66.078;35.708;0.2
66.248;35.657;0.2
66.401;35.566;0.2
66.526;35.439;0.2
66.615;35.284;0.2
66.185;34.195;0.5
65.755;33.105;0.5
65.325;32.015;0.5
64.895;30.925;0.5
64.695;29.927;0.2
64.616;29.821;0.2
64.506;29.737;0.2
64.387;29.669;0.2
64.273;29.615;0.2
64.176;29.573;0.2
61.771;29.536;0.5
59.474;29.734;0.5
57.178;29.932;0.5
54.881;30.13;0.5
52.45;30.24;0.2
52.3;30.183;0.2
52.141;30.162;0.2
51.982;30.178;0.2
51.829;30.229;0.2
51.469;31.223;0.5
51.108;32.217;0.5
50.748;33.212;0.5
50.387;34.206;0.5
49.922;35.26;0.2
49.829;35.337;0.2
49.751;35.429;0.2
49.689;35.532;0.2
49.646;35.645;0.2
50.029;36.336;0.5
50.411;37.027;0.5
50.793;37.719;0.5
51.176;38.41;0.5
51.531;39.261;0.2
51.542;39.422;0.2
51.589;39.577;0.2
51.669;39.717;0.2
51.78;39.835;0.2
53.535;39.692;0.5
55.29;39.549;0.5
57.045;39.405;0.5
58.801;39.262;0.5
60.623;39.169;0.2
60.695;39.211;0.2
60.772;39.244;0.2
60.853;39.268;0.2
60.936;39.282;0.2
61.853;38.547;0.5
62.771;37.812;0.5
63.689;37.078;0.5
64.607;36.343;0.5
65.704;35.605;0.2
65.877;35.556;0.2
66.032;35.466;0.2
66.16;35.34;0.2
66.252;35.186;0.2
65.854;34.181;0.5
65.456;33.176;0.5
65.058;32.17;0.5
64.66;31.165;0.5
64.496;30.251;0.2
64.416;30.145;0.2
64.307;30.061;0.2
64.189;29.992;0.2
64.075;29.937;0.2
63.978;29.895;0.2
61.657;29.847;0.5
59.443;30.038;0.5
57.229;30.229;0.5
55.015;30.42;0.5
52.667;30.522;0.2
52.517;30.466;0.2
52.358;30.445;0.2
52.198;30.46;0.2
52.046;30.511;0.2
51.708;31.444;0.5
51.37;32.376;0.5
51.031;33.309;0.5
50.693;34.242;0.5
50.25;35.234;0.2
50.158;35.311;0.2
50.079;35.403;0.2
50.018;35.507;0.2
49.975;35.619;0.2
50.325;36.253;0.5
50.676;36.886;0.5
51.026;37.519;0.5
51.376;38.153;0.5
51.7;38.946;0.2
51.71;39.107;0.2
51.757;39.262;0.2
51.838;39.403;0.2
51.949;39.521;0.2
53.647;39.382;0.5
55.345;39.243;0.5
57.043;39.104;0.5
58.742;38.966;0.5
60.507;38.877;0.2
60.579;38.92;0.2
60.657;38.953;0.2
60.737;38.977;0.2
60.82;38.991;0.2
61.689;38.333;0.5
62.558;37.676;0.5
63.426;37.018;0.5
64.295;36.361;0.5
65.344;35.7;0.2
65.517;35.652;0.2
65.672;35.562;0.2
65.799;35.436;0.2
65.891;35.281;0.2
65.526;34.321;0.5
65.161;33.36;0.5
64.795;32.4;0.5
64.43;31.439;0.5
64.294;30.571;0.2
64.215;30.464;0.2
64.105;30.38;0.2
63.986;30.311;0.2
63.872;30.256;0.2
63.774;30.214;0.2
61.537;30.159;0.5
59.407;30.342;0.5
57.277;30.526;0.5
55.147;30.71;0.5
52.884;30.804;0.2
52.734;30.748;0.2
52.575;30.727;0.2
52.415;30.743;0.2
52.263;30.794;0.2
51.947;31.665;0.5
51.631;32.536;0.5
51.315;33.406;0.5
50.999;34.277;0.5
50.579;35.208;0.2
50.486;35.285;0.2
50.408;35.377;0.2
50.346;35.481;0.2
50.303;35.593;0.2
50.622;36.169;0.5
50.94;36.744;0.5
51.259;37.32;0.5
51.577;37.896;0.5
51.869;38.631;0.2
51.879;38.793;0.2
51.926;38.947;0.2
52.007;39.088;0.2
52.117;39.206;0.2
53.761;39.072;0.5
55.404;38.937;0.5
57.048;38.803;0.5
58.691;38.669;0.5
60.399;38.583;0.2
60.468;38.624;0.2
60.542;38.657;0.2
60.618;38.681;0.2
60.697;38.696;0.2
61.515;38.074;0.5
62.333;37.452;0.5
63.151;36.83;0.5
63.969;36.208;0.5
64.968;35.588;0.2
65.143;35.543;0.2
65.302;35.455;0.2
65.433;35.329;0.2
65.527;35.174;0.2
65.193;34.3;0.5
64.859;33.427;0.5
64.525;32.553;0.5
64.191;31.679;0.5
64.091;30.897;0.2
64.012;30.79;0.2
63.903;30.705;0.2
63.784;30.635;0.2
63.67;30.579;0.2
63.573;30.536;0.2
61.421;30.47;0.5
59.374;30.646;0.5
57.328;30.823;0.5
55.281;30.999;0.5
53.101;31.087;0.2
52.95;31.031;0.2
52.791;31.01;0.2
52.632;31.025;0.2
52.479;31.076;0.2
52.186;31.885;0.5
51.892;32.695;0.5
51.599;33.504;0.5
51.305;34.313;0.5
50.907;35.182;0.2
50.815;35.26;0.2
50.737;35.351;0.2
50.675;35.455;0.2
50.632;35.567;0.2
50.918;36.085;0.5
51.205;36.603;0.5
51.491;37.121;0.5
51.778;37.639;0.5
52.038;38.316;0.2
52.048;38.478;0.2
52.095;38.633;0.2
52.176;38.773;0.2
52.286;38.891;0.2
53.874;38.761;0.5
55.461;38.632;0.5
57.048;38.502;0.5
58.636;38.372;0.5
60.287;38.291;0.2
60.356;38.332;0.2
60.43;38.365;0.2
60.506;38.389;0.2
60.585;38.404;0.2
61.353;37.861;0.5
62.122;37.318;0.5
62.89;36.775;0.5
63.658;36.232;0.5
64.607;35.69;0.2
64.783;35.646;0.2
64.941;35.557;0.2
65.072;35.432;0.2
65.167;35.277;0.2
64.865;34.446;0.5
64.563;33.616;0.5
64.261;32.785;0.5
63.96;31.954;0.5
63.885;31.218;0.2
63.806;31.11;0.2
63.697;31.024;0.2
63.578;30.954;0.2
63.463;30.898;0.2
63.366;30.855;0.2
61.298;30.782;0.5
59.336;30.951;0.5
57.374;31.12;0.5
55.413;31.289;0.5
53.317;31.369;0.2
53.167;31.313;0.2
53.008;31.292;0.2
52.848;31.308;0.2
52.696;31.359;0.2
52.425;32.106;0.5
52.154;32.854;0.5
51.883;33.601;0.5
51.612;34.349;0.5
51.236;35.157;0.2
51.143;35.234;0.2
51.065;35.325;0.2
51.003;35.429;0.2
50.96;35.541;0.2
51.215;36.002;0.5
51.469;36.462;0.5
51.724;36.922;0.5
51.978;37.382;0.5
52.206;38.001;0.2
52.217;38.163;0.2
52.263;38.318;0.2
52.344;38.458;0.2
52.455;38.576;0.2
53.989;38.451;0.5
55.523;38.326;0.5
57.057;38.2;0.5
58.591;38.075;0.5
60.185;37.996;0.2
60.25;38.035;0.2
60.319;38.067;0.2
60.391;38.091;0.2
60.465;38.108;0.2
61.181;37.598;0.5
61.897;37.089;0.5
62.612;36.579;0.5
63.328;36.069;0.5
64.228;35.566;0.2
64.407;35.525;0.2
64.569;35.44;0.2
64.704;35.315;0.2
64.803;35.16;0.2
64.531;34.418;0.5
64.26;33.676;0.5
63.988;32.935;0.5
63.717;32.193;0.5
63.678;31.545;0.2
63.6;31.437;0.2
63.491;31.351;0.2
63.373;31.28;0.2
63.258;31.223;0.2
63.161;31.179;0.2
61.179;31.093;0.5
59.301;31.255;0.5
57.423;31.417;0.5
55.545;31.579;0.5
53.534;31.652;0.2
53.384;31.595;0.2
53.225;31.575;0.2
53.065;31.59;0.2
52.913;31.641;0.2
52.664;32.327;0.5
52.415;33.013;0.5
52.166;33.699;0.5
51.918;34.385;0.5
51.564;35.131;0.2
51.472;35.208;0.2
51.394;35.299;0.2
51.332;35.403;0.2
51.289;35.516;0.2
51.511;35.918;0.5
51.734;36.32;0.5
51.957;36.722;0.5
52.179;37.125;0.5
52.375;37.687;0.2
52.385;37.848;0.2
52.432;38.003;0.2
52.513;38.143;0.2
52.624;38.262;0.2
54.102;38.141;0.5
55.581;38.02;0.5
57.06;37.899;0.5
58.539;37.778;0.5
60.078;37.703;0.2
60.143;37.743;0.2
60.212;37.775;0.2
60.284;37.799;0.2
60.358;37.816;0.2
61.023;37.387;0.5
61.688;36.958;0.5
62.353;36.529;0.5
63.019;36.1;0.5
63.867;35.678;0.2
64.046;35.637;0.2
64.209;35.551;0.2
64.344;35.427;0.2
64.442;35.271;0.2
64.202;34.571;0.5
63.962;33.871;0.5
63.722;33.171;0.5
63.482;32.47;0.5
63.468;31.866;0.2
63.39;31.757;0.2
63.281;31.67;0.2
63.161;31.599;0.2
63.046;31.542;0.2
62.949;31.498;0.2
61.051;31.405;0.5
59.259;31.56;0.5
57.468;31.714;0.5
55.676;31.868;0.5
53.751;31.934;0.2
53.6;31.878;0.2
53.441;31.857;0.2
53.282;31.872;0.2
53.13;31.923;0.2
52.903;32.548;0.5
52.677;33.172;0.5
52.45;33.796;0.5
52.224;34.42;0.5
51.893;35.105;0.2
51.8;35.182;0.2
51.722;35.273;0.2
51.661;35.377;0.2
51.617;35.49;0.2
51.808;35.834;0.5
51.999;36.179;0.5
52.189;36.523;0.5
52.544;37.372;0.2
52.554;37.533;0.2
52.601;37.688;0.2
52.682;37.829;0.2
52.792;37.947;0.2
54.22;37.83;0.5
55.647;37.714;0.5
57.074;37.597;0.5
58.501;37.48;0.5
59.984;37.407;0.2
60.044;37.443;0.2
60.107;37.474;0.2
60.173;37.499;0.2
60.241;37.517;0.2
60.852;37.118;0.5
61.463;36.719;0.5
62.073;36.321;0.5
62.684;35.922;0.5
63.482;35.537;0.2
63.665;35.502;0.2
63.833;35.42;0.2
63.974;35.296;0.2
64.077;35.14;0.2
63.866;34.532;0.5
63.656;33.924;0.5
63.445;33.316;0.5
63.234;32.708;0.5
63.255;32.196;0.2
63.178;32.087;0.2
63.07;31.999;0.2
62.951;31.927;0.2
62.837;31.868;0.2
62.739;31.823;0.2
60.929;31.717;0.5
59.222;31.864;0.5
57.515;32.011;0.5
55.808;32.158;0.5
53.967;32.217;0.2
53.817;32.16;0.2
53.658;32.139;0.2
53.498;32.155;0.2
53.346;32.206;0.2
53.142;32.768;0.5
52.938;33.331;0.5
52.734;33.894;0.5
52.53;34.456;0.5
52.222;35.079;0.2
52.129;35.156;0.2
52.051;35.248;0.2
51.989;35.351;0.2
51.946;35.464;0.2
52.105;35.751;0.5
52.263;36.037;0.5
52.422;36.324;0.5
52.712;37.057;0.2
52.723;37.219;0.2
52.77;37.374;0.2
52.85;37.514;0.2
52.961;37.632;0.2
54.334;37.52;0.5
55.708;37.408;0.5
57.081;37.295;0.5
58.455;37.183;0.5
59.884;37.114;0.2
59.944;37.151;0.2
60.007;37.182;0.2
60.073;37.206;0.2
60.14;37.224;0.2
60.699;36.908;0.5
61.258;36.593;0.5
61.817;36.278;0.5
62.376;35.962;0.5
63.122;35.661;0.2
63.305;35.625;0.2
63.473;35.543;0.2
63.614;35.419;0.2
63.717;35.263;0.2
63.537;34.695;0.5
63.357;34.126;0.5
63.177;33.557;0.5
62.997;32.988;0.5
63.039;32.518;0.2
62.962;32.407;0.2
62.853;32.319;0.2
62.734;32.247;0.2
62.618;32.188;0.2
62.52;32.143;0.2
60.795;32.029;0.5
59.176;32.169;0.5
57.556;32.309;0.5
55.937;32.448;0.5
54.184;32.499;0.2
54.034;32.443;0.2
53.875;32.422;0.2
53.715;32.437;0.2
53.563;32.488;0.2
53.381;32.989;0.5
53.2;33.49;0.5
53.018;33.991;0.5
52.836;34.492;0.5
52.55;35.053;0.2
52.457;35.13;0.2
52.379;35.222;0.2
52.318;35.325;0.2
52.274;35.438;0.2
52.401;35.667;0.5
52.528;35.896;0.5
52.654;36.125;0.5
52.881;36.742;0.2
52.891;36.904;0.2
52.938;37.059;0.2
53.019;37.199;0.2
53.13;37.317;0.2
54.454;37.209;0.5
55.778;37.101;0.5
57.103;36.993;0.5
58.427;36.884;0.5
59.801;36.814;0.2
59.853;36.848;0.2
59.908;36.877;0.2
59.966;36.901;0.2
60.025;36.92;0.2
60.528;36.631;0.5
61.03;36.341;0.5
61.533;36.052;0.5
62.035;35.762;0.5
62.728;35.497;0.2
62.917;35.469;0.2
63.093;35.391;0.2
63.241;35.269;0.2
63.35;35.112;0.2
63.198;34.64;0.5
63.046;34.168;0.5
62.893;33.697;0.5
62.741;33.225;0.5
62.819;32.851;0.2
62.743;32.74;0.2
62.635;32.651;0.2
62.517;32.577;0.2
62.402;32.517;0.2
62.305;32.47;0.2
60.669;32.341;0.5
59.135;32.474;0.5
57.602;32.606;0.5
56.068;32.738;0.5
54.401;32.781;0.2
54.25;32.725;0.2
54.091;32.704;0.2
53.932;32.72;0.2
53.78;32.771;0.2
53.62;33.21;0.5
53.461;33.649;0.5
53.302;34.088;0.5
53.142;34.528;0.5
52.879;35.027;0.2
52.786;35.104;0.2
52.708;35.196;0.2
52.646;35.299;0.2
52.603;35.412;0.2
52.698;35.583;0.5
52.792;35.754;0.5
53.05;36.428;0.2
53.06;36.589;0.2
53.107;36.744;0.2
53.188;36.884;0.2
53.298;37.002;0.2
54.571;36.898;0.5
55.843;36.795;0.5
57.115;36.691;0.5
58.388;36.587;0.5
59.709;36.521;0.2
59.762;36.555;0.2
59.817;36.584;0.2
59.875;36.608;0.2
59.934;36.627;0.2
60.383;36.424;0.5
60.831;36.221;0.5
61.28;36.017;0.5
61.729;35.814;0.5
62.368;35.636;0.2
62.557;35.608;0.2
62.733;35.53;0.2
62.881;35.408;0.2
62.99;35.251;0.2
62.868;34.815;0.5
62.745;34.38;0.5
62.622;33.944;0.5
62.595;33.174;0.2
62.519;33.062;0.2
62.411;32.971;0.2
62.291;32.897;0.2
62.175;32.836;0.2
62.077;32.79;0.2
60.528;32.655;0.5
59.084;32.779;0.5
57.639;32.904;0.5
56.195;33.028;0.5
54.617;33.064;0.2
54.467;33.008;0.2
54.308;32.987;0.2
54.148;33.002;0.2
53.996;33.053;0.2
53.895;33.333;0.5
53.793;33.613;0.5
53.692;33.893;0.5
53.379;34.517;0.2
53.284;34.598;0.2
53.204;34.696;0.2
53.142;34.806;0.2
53.101;34.925;0.2
53.224;35.128;0.5
53.347;35.331;0.5
53.47;35.534;0.5
53.695;36.095;0.2
53.709;36.251;0.2
53.757;36.4;0.2
53.837;36.535;0.2
53.944;36.649;0.2
55.076;36.556;0.5
56.207;36.464;0.5
57.339;36.371;0.5
58.47;36.279;0.5
59.642;36.218;0.2
59.684;36.247;0.2
59.728;36.272;0.2
59.774;36.294;0.2
59.822;36.313;0.2
60.21;36.129;0.5
60.598;35.946;0.5
60.987;35.762;0.5
61.958;35.435;0.2
62.157;35.419;0.2
62.343;35.348;0.2
62.502;35.228;0.2
62.622;35.068;0.2
62.525;34.737;0.5
62.428;34.405;0.5
62.331;34.074;0.5
62.366;33.512;0.2
62.291;33.399;0.2
62.184;33.307;0.2
62.066;33.231;0.2
61.951;33.169;0.2
61.854;33.12;0.2
60.396;32.967;0.5
59.039;33.084;0.5
57.682;33.201;0.5
56.325;33.318;0.5
54.834;33.346;0.2
54.684;33.29;0.2
54.525;33.269;0.2
54.365;33.285;0.2
54.213;33.336;0.2
54.134;33.553;0.5
54.055;33.77;0.5
53.977;33.987;0.5
53.71;34.484;0.2
53.614;34.566;0.2
53.535;34.663;0.2
53.473;34.773;0.2
53.432;34.892;0.2
53.521;35.039;0.5
53.61;35.186;0.5
53.855;35.781;0.2
53.87;35.937;0.2
53.918;36.086;0.2
53.997;36.221;0.2
54.105;36.335;0.2
55.188;36.246;0.5
56.272;36.158;0.5
57.356;36.069;0.5
58.439;35.98;0.5
59.563;35.923;0.2
59.605;35.952;0.2
59.649;35.978;0.2
59.695;36;0.2
59.743;36.019;0.2
60.075;35.926;0.5
60.407;35.834;0.5
60.739;35.741;0.5
61.599;35.596;0.2
61.797;35.58;0.2
61.983;35.509;0.2
62.142;35.39;0.2
62.262;35.23;0.2
62.193;34.93;0.5
62.124;34.63;0.5
62.056;34.331;0.5
62.131;33.836;0.2
62.056;33.721;0.2
61.948;33.628;0.2
61.828;33.552;0.2
61.711;33.489;0.2
61.612;33.441;0.2
60.243;33.281;0.5
58.979;33.39;0.5
57.714;33.499;0.5
56.449;33.608;0.5
55.051;33.629;0.2
54.9;33.573;0.2
54.741;33.552;0.2
54.582;33.567;0.2
54.43;33.618;0.2
54.409;33.69;0.5
54.388;33.763;0.5
54.367;33.835;0.5
54.347;33.908;0.5
54.213;34.046;0.2
54.115;34.131;0.2
54.034;34.233;0.2
53.973;34.348;0.2
53.934;34.472;0.2
54.05;34.636;0.5
54.166;34.801;0.5
54.498;35.445;0.2
54.515;35.596;0.2
54.564;35.74;0.2
54.643;35.871;0.2
54.747;35.981;0.2
55.697;35.903;0.5
56.647;35.826;0.5
57.598;35.748;0.5
58.548;35.671;0.5
59.523;35.613;0.2
59.549;35.633;0.2
59.576;35.651;0.2
59.604;35.667;0.2
59.632;35.683;0.2
59.898;35.598;0.5
60.163;35.512;0.5
60.429;35.427;0.5
61.161;35.324;0.2
61.373;35.329;0.2
61.577;35.271;0.2
61.754;35.154;0.2
61.889;34.991;0.2
61.844;34.808;0.5
61.798;34.625;0.5
54.277;33.666;0.5
55.73;33.666;0.5
57.183;33.666;0.5
58.636;33.666;0.5
60.089;33.666;0.5
61.542;33.666;0.5
61.689;33.714;0.2
61.78;33.839;0.2
61.78;33.993;0.2
61.689;34.118;0.2
61.542;34.166;0.2
59.689;34.166;0.5
58.336;34.166;0.5
56.983;34.166;0.5
55.63;34.166;0.5
54.277;34.166;0.5
54.13;34.214;0.2
54.039;34.339;0.2
54.039;34.493;0.2
54.13;34.618;0.2
54.277;34.666;0.2
55.73;34.666;0.5
57.183;34.666;0.5
58.636;34.666;0.5
60.089;34.666;0.5
61.542;34.666;0.5
61.689;34.714;0.2
61.78;34.839;0.2
61.78;34.993;0.2
61.689;35.118;0.2
61.542;35.166;0.2
59.689;35.166;0.5
58.336;35.166;0.5
56.983;35.166;0.5
55.63;35.166;0.5
54.277;35.166;0.5
54.13;35.214;0.2
54.039;35.339;0.2
54.039;35.493;0.2
54.13;35.618;0.2
54.277;35.666;0.2
55.73;35.666;0.5
57.183;35.666;0.5
58.636;35.666;0.5
60.089;35.666;0.5
61.542;35.666;0.5
61.689;35.714;0.2
61.78;35.839;0.2
61.78;35.993;0.2
61.689;36.118;0.2
61.542;36.166;0.2
59.689;36.166;0.5
58.336;36.166;0.5
56.983;36.166;0.5
55.63;36.166;0.5
54.277;36.166;0.5
#VALUE!;0;0
20.925;41.172;0.5
35.379;34.276;0.5
35.491;34.102;0.2
35.547;33.903;0.2
35.543;33.696;0.2
35.48;33.499;0.2
35.363;33.329;0.2
30.038;33.145;0.5
24.714;32.961;0.5
19.39;32.777;0.5
14.065;32.593;0.5
8.535;32.257;0.2
8.288;32.188;0.2
8.032;32.211;0.2
7.802;32.325;0.2
7.627;32.513;0.2
8.06;34.451;0.5
8.493;36.39;0.5
8.925;38.328;0.5
9.358;40.266;0.5
9.757;42.265;0.2
9.728;42.328;0.2
9.707;42.394;0.2
9.691;42.462;0.2
9.683;42.531;0.2
10.817;43.848;0.5
11.951;45.164;0.5
13.085;46.481;0.5
14.219;47.798;0.5
15.356;49.252;0.2
15.386;49.385;0.2
15.441;49.511;0.2
15.519;49.624;0.2
15.617;49.719;0.2
19.557;49.281;0.5
23.497;48.842;0.5
27.438;48.403;0.5
31.378;47.964;0.5
35.505;47.633;0.2
35.716;47.679;0.2
35.93;47.659;0.2
36.129;47.576;0.2
36.293;47.437;0.2
36.111;44.805;0.5
35.928;42.173;0.5
35.745;39.54;0.5
35.562;36.908;0.5
35.589;34.412;0.2
35.534;34.286;0.2
35.442;34.175;0.2
35.335;34.078;0.2
35.229;33.995;0.2
35.139;33.929;0.2
29.889;33.44;0.5
24.697;33.261;0.5
19.504;33.082;0.5
14.311;32.902;0.5
8.912;32.57;0.2
8.665;32.501;0.2
8.409;32.525;0.2
8.179;32.638;0.2
8.004;32.826;0.2
8.417;34.674;0.5
8.83;36.522;0.5
9.242;38.37;0.5
9.655;40.218;0.5
10.033;42.126;0.2
10.005;42.19;0.2
9.983;42.256;0.2
9.968;42.323;0.2
9.959;42.392;0.2
11.063;43.674;0.5
12.166;44.955;0.5
13.27;46.236;0.5
14.374;47.518;0.5
15.48;48.936;0.2
15.51;49.07;0.2
15.565;49.195;0.2
15.643;49.308;0.2
15.741;49.404;0.2
19.592;48.975;0.5
23.444;48.546;0.5
27.296;48.117;0.5
31.148;47.688;0.5
35.186;47.366;0.2
35.396;47.412;0.2
35.611;47.393;0.2
35.81;47.31;0.2
35.974;47.171;0.2
35.799;44.65;0.5
35.624;42.129;0.5
35.449;39.608;0.5
35.274;37.087;0.5
35.309;34.703;0.2
35.253;34.576;0.2
35.161;34.466;0.2
35.054;34.368;0.2
34.949;34.285;0.2
34.858;34.22;0.2
29.74;33.735;0.5
24.679;33.56;0.5
19.618;33.386;0.5
14.557;33.211;0.5
9.289;32.883;0.2
9.042;32.814;0.2
8.787;32.838;0.2
8.556;32.951;0.2
8.382;33.139;0.2
8.774;34.897;0.5
9.167;36.654;0.5
9.559;38.412;0.5
9.951;40.169;0.5
10.31;41.987;0.2
10.281;42.051;0.2
10.259;42.117;0.2
10.244;42.185;0.2
10.236;42.253;0.2
11.309;43.499;0.5
12.382;44.745;0.5
13.455;45.991;0.5
14.528;47.237;0.5
15.604;48.62;0.2
15.634;48.754;0.2
15.689;48.88;0.2
15.767;48.992;0.2
15.865;49.088;0.2
19.628;48.669;0.5
23.391;48.25;0.5
27.154;47.831;0.5
30.917;47.412;0.5
34.867;47.1;0.2
35.077;47.146;0.2
35.292;47.127;0.2
35.491;47.044;0.2
35.655;46.905;0.2
35.488;44.495;0.5
35.32;42.085;0.5
35.153;39.676;0.5
34.986;37.266;0.5
35.028;34.993;0.2
34.973;34.867;0.2
34.881;34.756;0.2
34.774;34.659;0.2
34.668;34.576;0.2
34.578;34.51;0.2
29.592;34.03;0.5
24.662;33.86;0.5
19.732;33.69;0.5
14.803;33.519;0.5
9.667;33.196;0.2
9.419;33.127;0.2
9.164;33.151;0.2
8.934;33.264;0.2
8.759;33.453;0.2
9.131;35.12;0.5
9.504;36.787;0.5
9.876;38.454;0.5
10.248;40.121;0.5
10.586;41.849;0.2
10.558;41.912;0.2
10.536;41.978;0.2
10.521;42.046;0.2
10.512;42.115;0.2
11.555;43.325;0.5
12.597;44.536;0.5
13.64;45.746;0.5
14.683;46.957;0.5
15.728;48.305;0.2
15.758;48.438;0.2
15.813;48.564;0.2
15.891;48.677;0.2
15.989;48.772;0.2
19.663;48.363;0.5
23.338;47.954;0.5
27.012;47.545;0.5
30.686;47.136;0.5
34.548;46.834;0.2
34.758;46.88;0.2
34.973;46.86;0.2
35.171;46.777;0.2
35.336;46.638;0.2
35.176;44.34;0.5
35.017;42.042;0.5
34.857;39.744;0.5
34.697;37.445;0.5
34.747;35.284;0.2
34.692;35.157;0.2
34.6;35.047;0.2
34.493;34.949;0.2
34.388;34.866;0.2
34.297;34.8;0.2
29.443;34.325;0.5
24.644;34.16;0.5
19.846;33.994;0.5
15.048;33.828;0.5
10.044;33.51;0.2
9.797;33.441;0.2
9.541;33.464;0.2
9.311;33.578;0.2
9.136;33.766;0.2
9.488;35.343;0.5
9.84;36.919;0.5
10.193;38.496;0.5
10.545;40.073;0.5
10.862;41.71;0.2
10.834;41.773;0.2
10.812;41.839;0.2
10.797;41.907;0.2
10.788;41.976;0.2
11.801;43.151;0.5
12.813;44.326;0.5
13.825;45.501;0.5
14.837;46.677;0.5
15.853;47.989;0.2
15.882;48.123;0.2
15.937;48.248;0.2
16.015;48.361;0.2
16.113;48.457;0.2
19.699;48.057;0.5
23.284;47.658;0.5
26.87;47.259;0.5
30.456;46.859;0.5
34.228;46.567;0.2
34.439;46.614;0.2
34.653;46.594;0.2
34.852;46.511;0.2
35.017;46.372;0.2
34.865;44.185;0.5
34.713;41.998;0.5
34.561;39.811;0.5
34.409;37.625;0.5
34.467;35.574;0.2
34.412;35.448;0.2
34.319;35.337;0.2
34.213;35.24;0.2
34.107;35.157;0.2
34.017;35.091;0.2
29.294;34.62;0.5
24.627;34.459;0.5
19.961;34.298;0.5
15.294;34.137;0.5
10.421;33.823;0.2
10.174;33.754;0.2
9.919;33.777;0.2
9.688;33.891;0.2
9.514;34.079;0.2
9.846;35.565;0.5
10.177;37.052;0.5
10.509;38.538;0.5
10.841;40.024;0.5
11.139;41.571;0.2
11.11;41.635;0.2
11.089;41.7;0.2
11.073;41.768;0.2
11.065;41.837;0.2
12.047;42.977;0.5
13.028;44.117;0.5
14.01;45.257;0.5
14.992;46.396;0.5
15.977;47.673;0.2
16.006;47.807;0.2
16.061;47.933;0.2
16.139;48.045;0.2
16.237;48.141;0.2
19.734;47.752;0.5
23.231;47.362;0.5
26.728;46.973;0.5
30.225;46.583;0.5
33.909;46.301;0.2
34.12;46.347;0.2
34.334;46.328;0.2
34.533;46.245;0.2
34.697;46.106;0.2
34.553;44.03;0.5
34.409;41.955;0.5
34.265;39.879;0.5
34.121;37.804;0.5
34.186;35.865;0.2
34.131;35.738;0.2
34.039;35.627;0.2
33.932;35.53;0.2
33.827;35.447;0.2
33.736;35.381;0.2
29.145;34.915;0.5
24.61;34.759;0.5
20.075;34.602;0.5
15.54;34.445;0.5
10.799;34.136;0.2
10.551;34.067;0.2
10.296;34.091;0.2
10.066;34.204;0.2
9.891;34.392;0.2
10.203;35.788;0.5
10.514;37.184;0.5
10.826;38.58;0.5
11.138;39.976;0.5
11.415;41.432;0.2
11.387;41.496;0.2
11.365;41.562;0.2
11.35;41.629;0.2
11.341;41.698;0.2
12.292;42.803;0.5
13.244;43.907;0.5
14.195;45.012;0.5
15.146;46.116;0.5
16.101;47.358;0.2
16.13;47.491;0.2
16.185;47.617;0.2
16.263;47.73;0.2
16.361;47.825;0.2
19.769;47.446;0.5
23.178;47.066;0.5
26.586;46.687;0.5
29.995;46.307;0.5
33.59;46.035;0.2
33.8;46.081;0.2
34.015;46.062;0.2
34.214;45.978;0.2
34.378;45.839;0.2
34.242;43.875;0.5
34.105;41.911;0.5
33.969;39.947;0.5
33.832;37.983;0.5
33.906;36.155;0.2
33.851;36.029;0.2
33.758;35.918;0.2
33.651;35.821;0.2
33.546;35.738;0.2
33.456;35.672;0.2
28.996;35.21;0.5
24.592;35.058;0.5
20.189;34.906;0.5
15.786;34.754;0.5
11.176;34.449;0.2
10.929;34.38;0.2
10.673;34.404;0.2
10.443;34.517;0.2
10.268;34.705;0.2
10.56;36.011;0.5
10.851;37.316;0.5
11.143;38.622;0.5
11.434;39.928;0.5
11.692;41.293;0.2
11.663;41.357;0.2
11.641;41.423;0.2
11.626;41.491;0.2
11.618;41.56;0.2
12.538;42.629;0.5
13.459;43.698;0.5
14.38;44.767;0.5
15.301;45.836;0.5
16.225;47.042;0.2
16.254;47.176;0.2
16.309;47.301;0.2
16.387;47.414;0.2
16.485;47.51;0.2
19.805;47.14;0.5
23.125;46.77;0.5
26.444;46.401;0.5
29.764;46.031;0.5
33.271;45.769;0.2
33.481;45.815;0.2
33.696;45.795;0.2
33.894;45.712;0.2
34.059;45.573;0.2
33.93;43.72;0.5
33.802;41.868;0.5
33.673;40.015;0.5
33.544;38.162;0.5
33.625;36.446;0.2
33.57;36.319;0.2
33.478;36.208;0.2
33.371;36.111;0.2
33.265;36.028;0.2
33.175;35.962;0.2
28.847;35.506;0.5
24.575;35.358;0.5
20.303;35.21;0.5
16.031;35.063;0.5
11.553;34.762;0.2
11.306;34.693;0.2
11.051;34.717;0.2
10.82;34.831;0.2
10.646;35.019;0.2
10.917;36.234;0.5
11.188;37.449;0.5
11.46;38.664;0.5
11.731;39.879;0.5
11.968;41.155;0.2
11.94;41.218;0.2
11.918;41.284;0.2
11.903;41.352;0.2
11.894;41.421;0.2
12.784;42.454;0.5
13.675;43.488;0.5
14.565;44.522;0.5
15.455;45.555;0.5
16.349;46.726;0.2
16.378;46.86;0.2
16.433;46.986;0.2
16.511;47.098;0.2
16.609;47.194;0.2
19.84;46.834;0.5
23.071;46.474;0.5
26.302;46.115;0.5
29.534;45.755;0.5
32.951;45.502;0.2
33.162;45.548;0.2
33.376;45.529;0.2
33.575;45.446;0.2
33.74;45.307;0.2
33.619;43.565;0.5
33.498;41.824;0.5
33.377;40.083;0.5
33.256;38.341;0.5
33.345;36.736;0.2
33.29;36.61;0.2
33.197;36.499;0.2
33.09;36.402;0.2
32.985;36.319;0.2
32.895;36.253;0.2
28.698;35.801;0.5
24.557;35.658;0.5
20.417;35.514;0.5
16.277;35.371;0.5
11.931;35.076;0.2
11.683;35.007;0.2
11.428;35.03;0.2
11.198;35.144;0.2
11.023;35.332;0.2
11.274;36.457;0.5
11.525;37.581;0.5
11.776;38.706;0.5
12.027;39.831;0.5
12.244;41.016;0.2
12.216;41.079;0.2
12.194;41.145;0.2
12.179;41.213;0.2
12.17;41.282;0.2
13.03;42.28;0.5
13.89;43.279;0.5
14.75;44.277;0.5
15.61;45.275;0.5
16.473;46.411;0.2
16.502;46.544;0.2
16.557;46.67;0.2
16.635;46.783;0.2
16.733;46.878;0.2
19.876;46.528;0.5
23.018;46.178;0.5
26.161;45.828;0.5
29.303;45.479;0.5
32.632;45.236;0.2
32.843;45.282;0.2
33.057;45.263;0.2
33.256;45.18;0.2
33.42;45.04;0.2
33.307;43.41;0.5
33.194;41.78;0.5
33.081;40.15;0.5
32.968;38.52;0.5
33.064;37.027;0.2
33.009;36.9;0.2
32.917;36.789;0.2
32.81;36.692;0.2
32.704;36.609;0.2
32.614;36.543;0.2
28.549;36.096;0.5
24.54;35.957;0.5
20.531;35.819;0.5
16.523;35.68;0.5
12.308;35.389;0.2
12.061;35.32;0.2
11.805;35.344;0.2
11.575;35.457;0.2
11.4;35.645;0.2
11.631;36.679;0.5
11.862;37.714;0.5
12.093;38.748;0.5
12.324;39.782;0.5
12.521;40.877;0.2
12.492;40.941;0.2
12.471;41.007;0.2
12.455;41.074;0.2
12.447;41.143;0.2
13.276;42.106;0.5
14.106;43.069;0.5
14.935;44.032;0.5
15.764;44.995;0.5
16.597;46.095;0.2
16.626;46.229;0.2
16.681;46.354;0.2
16.759;46.467;0.2
16.857;46.563;0.2
19.911;46.223;0.5
22.965;45.882;0.5
26.019;45.542;0.5
29.072;45.202;0.5
32.313;44.97;0.2
32.523;45.016;0.2
32.738;44.996;0.2
32.937;44.913;0.2
33.101;44.774;0.2
32.996;43.255;0.5
32.89;41.737;0.5
32.785;40.218;0.5
32.679;38.699;0.5
32.784;37.317;0.2
32.729;37.191;0.2
32.636;37.08;0.2
32.529;36.983;0.2
32.424;36.9;0.2
32.333;36.834;0.2
28.4;36.391;0.5
24.523;36.257;0.5
20.646;36.123;0.5
16.769;35.989;0.5
12.685;35.702;0.2
12.438;35.633;0.2
12.182;35.657;0.2
11.952;35.77;0.2
11.778;35.958;0.2
11.988;36.902;0.5
12.199;37.846;0.5
12.41;38.79;0.5
12.621;39.734;0.5
12.797;40.738;0.2
12.769;40.802;0.2
12.747;40.868;0.2
12.732;40.935;0.2
12.723;41.004;0.2
13.522;41.932;0.5
14.321;42.86;0.5
15.12;43.787;0.5
15.919;44.715;0.5
16.721;45.779;0.2
16.75;45.913;0.2
16.805;46.039;0.2
16.883;46.151;0.2
16.981;46.247;0.2
19.946;45.917;0.5
22.912;45.587;0.5
25.877;45.256;0.5
28.842;44.926;0.5
31.994;44.703;0.2
32.204;44.749;0.2
32.419;44.73;0.2
32.618;44.647;0.2
32.782;44.508;0.2
32.684;43.1;0.5
32.587;41.693;0.5
32.489;40.286;0.5
32.391;38.878;0.5
32.503;37.608;0.2
32.448;37.481;0.2
32.356;37.37;0.2
32.249;37.273;0.2
32.143;37.19;0.2
32.053;37.124;0.2
28.251;36.686;0.5
24.505;36.556;0.5
20.76;36.427;0.5
17.014;36.297;0.5
13.063;36.015;0.2
12.815;35.946;0.2
12.56;35.97;0.2
12.33;36.083;0.2
12.155;36.271;0.2
12.346;37.125;0.5
12.536;37.979;0.5
12.727;38.832;0.5
12.917;39.686;0.5
13.073;40.6;0.2
13.045;40.663;0.2
13.023;40.729;0.2
13.008;40.797;0.2
13;40.866;0.2
13.768;41.758;0.5
14.536;42.65;0.5
15.305;43.542;0.5
16.073;44.434;0.5
16.845;45.464;0.2
16.874;45.597;0.2
16.929;45.723;0.2
17.007;45.836;0.2
17.105;45.931;0.2
19.982;45.611;0.5
22.858;45.291;0.5
25.735;44.97;0.5
28.611;44.65;0.5
31.675;44.437;0.2
31.885;44.483;0.2
32.1;44.464;0.2
32.298;44.381;0.2
32.463;44.242;0.2
32.373;42.946;0.5
32.283;41.65;0.5
32.193;40.354;0.5
32.103;39.058;0.5
32.223;37.898;0.2
32.167;37.772;0.2
32.075;37.661;0.2
31.968;37.564;0.2
31.863;37.481;0.2
31.772;37.415;0.2
28.102;36.981;0.5
24.488;36.856;0.5
20.874;36.731;0.5
17.26;36.606;0.5
13.44;36.329;0.2
13.193;36.259;0.2
12.937;36.283;0.2
12.707;36.397;0.2
12.532;36.585;0.2
12.703;37.403;0.5
12.873;38.222;0.5
13.043;39.041;0.5
13.214;39.859;0.5
13.35;40.738;0.2
13.322;40.802;0.2
13.3;40.868;0.2
13.285;40.935;0.2
13.276;41.004;0.2
14.014;41.806;0.5
14.752;42.607;0.5
15.49;43.408;0.5
16.228;44.21;0.5
16.969;45.148;0.2
16.998;45.282;0.2
17.053;45.407;0.2
17.131;45.52;0.2
17.229;45.616;0.2
20.017;45.305;0.5
22.805;44.995;0.5
25.593;44.684;0.5
28.381;44.374;0.5
31.355;44.171;0.2
31.566;44.217;0.2
31.78;44.197;0.2
31.979;44.114;0.2
32.144;43.975;0.2
32.061;42.791;0.5
31.979;41.606;0.5
31.897;40.421;0.5
31.814;39.237;0.5
31.942;38.189;0.2
31.887;38.062;0.2
31.795;37.951;0.2
31.688;37.854;0.2
31.582;37.771;0.2
31.492;37.705;0.2
27.95;37.276;0.5
24.465;37.155;0.5
20.98;37.035;0.5
17.495;36.914;0.5
13.806;36.642;0.2
13.561;36.573;0.2
13.306;36.595;0.2
13.077;36.705;0.2
12.901;36.89;0.2
13.054;37.617;0.5
13.207;38.343;0.5
13.36;39.07;0.5
13.513;39.796;0.5
13.628;40.588;0.2
13.597;40.657;0.2
13.574;40.729;0.2
13.559;40.803;0.2
13.552;40.878;0.2
14.256;41.647;0.5
14.96;42.415;0.5
15.664;43.183;0.5
16.369;43.951;0.5
17.08;44.851;0.2
17.111;44.98;0.2
17.166;45.101;0.2
17.242;45.209;0.2
17.338;45.302;0.2
20.04;45.001;0.5
22.742;44.7;0.5
25.445;44.399;0.5
28.147;44.098;0.5
31.036;43.904;0.2
31.247;43.95;0.2
31.461;43.931;0.2
31.66;43.848;0.2
31.824;43.709;0.2
31.75;42.636;0.5
31.675;41.562;0.5
31.601;40.489;0.5
31.526;39.416;0.5
31.661;38.479;0.2
31.606;38.353;0.2
31.514;38.242;0.2
31.407;38.145;0.2
31.302;38.062;0.2
31.211;37.996;0.2
27.8;37.571;0.5
24.446;37.455;0.5
21.092;37.339;0.5
17.737;37.223;0.5
14.178;36.955;0.2
13.933;36.886;0.2
13.679;36.908;0.2
13.449;37.018;0.2
13.274;37.203;0.2
13.408;37.896;0.5
13.541;38.588;0.5
13.675;39.28;0.5
13.809;39.973;0.5
13.905;40.73;0.2
13.874;40.799;0.2
13.851;40.871;0.2
13.836;40.945;0.2
13.828;41.021;0.2
14.501;41.697;0.5
15.173;42.374;0.5
15.846;43.051;0.5
16.519;43.727;0.5
17.198;44.536;0.2
17.229;44.665;0.2
17.284;44.786;0.2
17.361;44.894;0.2
17.456;44.987;0.2
20.071;44.695;0.5
22.686;44.404;0.5
25.3;44.113;0.5
27.915;43.822;0.5
30.717;43.638;0.2
30.927;43.684;0.2
31.142;43.665;0.2
31.341;43.582;0.2
31.505;43.443;0.2
31.438;42.481;0.5
31.372;41.519;0.5
31.305;40.557;0.5
31.238;39.595;0.5
31.381;38.77;0.2
31.326;38.643;0.2
31.233;38.532;0.2
31.127;38.435;0.2
31.021;38.352;0.2
30.931;38.286;0.2
27.648;37.866;0.5
24.421;37.754;0.5
21.194;37.643;0.5
17.968;37.531;0.5
14.538;37.269;0.2
14.295;37.199;0.2
14.043;37.219;0.2
13.814;37.326;0.2
13.637;37.508;0.2
13.755;38.107;0.5
13.873;38.706;0.5
13.99;39.305;0.5
14.108;39.904;0.5
14.183;40.575;0.2
14.15;40.65;0.2
14.126;40.729;0.2
14.111;40.811;0.2
14.105;40.893;0.2
14.742;41.538;0.5
15.379;42.183;0.5
16.016;42.828;0.5
16.653;43.472;0.5
17.301;44.244;0.2
17.334;44.367;0.2
17.389;44.482;0.2
17.464;44.585;0.2
17.556;44.674;0.2
20.087;44.392;0.5
22.618;44.11;0.5
25.149;43.828;0.5
27.68;43.546;0.5
30.398;43.372;0.2
30.608;43.418;0.2
30.823;43.398;0.2
31.021;43.315;0.2
31.186;43.176;0.2
31.127;42.326;0.5
31.068;41.475;0.5
31.009;40.625;0.5
30.95;39.774;0.5
31.1;39.06;0.2
31.045;38.933;0.2
30.953;38.823;0.2
30.846;38.726;0.2
30.741;38.643;0.2
30.65;38.577;0.2
27.497;38.16;0.5
24.399;38.053;0.5
21.302;37.947;0.5
18.205;37.84;0.5
14.905;37.581;0.2
14.662;37.511;0.2
14.41;37.532;0.2
14.181;37.639;0.2
14.004;37.821;0.2
14.104;38.386;0.5
14.204;38.952;0.5
14.303;39.518;0.5
14.403;40.084;0.5
14.46;40.721;0.2
14.427;40.797;0.2
14.403;40.876;0.2
14.388;40.957;0.2
14.382;41.04;0.2
14.986;41.592;0.5
15.59;42.145;0.5
16.194;42.698;0.5
16.798;43.25;0.5
17.412;43.93;0.2
17.446;44.053;0.2
17.5;44.168;0.2
17.575;44.271;0.2
17.667;44.359;0.2
20.112;44.087;0.5
22.557;43.815;0.5
25.002;43.543;0.5
27.447;43.27;0.5
30.078;43.105;0.2
30.289;43.152;0.2
30.503;43.132;0.2
30.702;43.049;0.2
30.867;42.91;0.2
30.815;42.171;0.5
30.764;41.432;0.5
30.713;40.692;0.5
30.661;39.953;0.5
30.82;39.351;0.2
30.765;39.224;0.2
30.672;39.113;0.2
30.565;39.016;0.2
30.46;38.933;0.2
30.37;38.867;0.2
27.342;38.455;0.5
24.372;38.353;0.5
21.401;38.25;0.5
18.43;38.147;0.5
15.259;37.895;0.2
15.018;37.824;0.2
14.768;37.842;0.2
14.539;37.947;0.2
14.362;38.124;0.2
14.447;38.595;0.5
14.532;39.066;0.5
14.617;39.537;0.5
14.702;40.008;0.5
14.739;40.557;0.2
14.703;40.641;0.2
14.677;40.729;0.2
14.663;40.819;0.2
14.661;40.911;0.2
15.227;41.433;0.5
15.793;41.956;0.5
16.359;42.478;0.5
16.925;43.001;0.5
17.506;43.644;0.2
17.541;43.759;0.2
17.596;43.867;0.2
17.668;43.964;0.2
17.756;44.048;0.2
20.119;43.785;0.5
22.483;43.521;0.5
24.846;43.258;0.5
27.209;42.995;0.5
29.759;42.839;0.2
29.97;42.885;0.2
30.184;42.866;0.2
30.383;42.783;0.2
30.548;42.644;0.2
30.504;42.016;0.5
30.46;41.388;0.5
30.417;40.76;0.5
30.373;40.132;0.5
30.539;39.641;0.2
30.484;39.514;0.2
30.392;39.404;0.2
30.285;39.306;0.2
30.179;39.224;0.2
30.089;39.158;0.2
27.19;38.75;0.5
24.348;38.652;0.5
21.506;38.554;0.5
18.663;38.456;0.5
15.62;38.207;0.2
15.379;38.137;0.2
15.129;38.155;0.2
14.901;38.259;0.2
14.723;38.437;0.2
14.791;38.876;0.5
14.86;39.314;0.5
14.928;39.753;0.5
15.017;40.71;0.2
14.98;40.793;0.2
14.955;40.881;0.2
14.941;40.971;0.2
14.938;41.063;0.2
15.469;41.492;0.5
16.001;41.922;0.5
16.532;42.351;0.5
17.063;42.781;0.5
17.609;43.33;0.2
17.644;43.446;0.2
17.699;43.554;0.2
17.771;43.651;0.2
17.859;43.734;0.2
20.138;43.481;0.5
22.417;43.227;0.5
24.695;42.973;0.5
26.974;42.719;0.5
29.44;42.573;0.2
29.65;42.619;0.2
29.865;42.6;0.2
30.064;42.516;0.2
30.228;42.377;0.2
30.192;41.861;0.5
30.157;41.344;0.5
30.121;40.828;0.5
30.085;40.312;0.5
30.259;39.932;0.2
30.204;39.805;0.2
30.111;39.694;0.2
30.004;39.597;0.2
29.899;39.514;0.2
29.809;39.448;0.2
27.034;39.045;0.5
24.317;38.951;0.5
21.599;38.857;0.5
18.882;38.763;0.5
15.965;38.521;0.2
15.727;38.449;0.2
15.479;38.465;0.2
15.252;38.565;0.2
15.074;38.738;0.2
15.129;39.08;0.5
15.184;39.422;0.5
15.24;39.764;0.5
15.297;40.535;0.2
15.256;40.629;0.2
15.23;40.727;0.2
15.217;40.829;0.2
15.22;40.931;0.2
15.711;41.333;0.5
16.201;41.735;0.5
16.691;42.137;0.5
17.181;42.539;0.5
17.692;43.052;0.2
17.729;43.159;0.2
17.783;43.258;0.2
17.852;43.347;0.2
17.934;43.424;0.2
20.134;43.179;0.5
22.334;42.934;0.5
24.534;42.689;0.5
26.734;42.444;0.5
29.121;42.307;0.2
29.331;42.353;0.2
29.546;42.333;0.2
29.745;42.25;0.2
29.909;42.111;0.2
29.881;41.706;0.5
29.853;41.301;0.5
29.825;40.896;0.5
29.978;40.222;0.2
29.923;40.095;0.2
29.831;39.985;0.2
29.724;39.887;0.2
29.618;39.805;0.2
29.528;39.739;0.2
26.881;39.34;0.5
24.29;39.25;0.5
21.7;39.161;0.5
19.109;39.071;0.5
16.32;38.833;0.2
16.082;38.762;0.2
15.834;38.777;0.2
15.607;38.878;0.2
15.428;39.051;0.2
15.468;39.362;0.5
15.508;39.674;0.5
15.548;39.985;0.5
15.575;40.695;0.2
15.534;40.789;0.2
15.508;40.887;0.2
15.496;40.989;0.2
15.498;41.091;0.2
15.951;41.399;0.5
16.405;41.706;0.5
16.858;42.014;0.5
17.311;42.322;0.5
17.784;42.74;0.2
17.822;42.847;0.2
17.875;42.946;0.2
17.944;43.035;0.2
18.026;43.112;0.2
20.144;42.876;0.5
22.262;42.64;0.5
24.379;42.405;0.5
26.497;42.169;0.5
28.802;42.04;0.2
29.012;42.086;0.2
29.227;42.067;0.2
29.425;41.984;0.2
29.59;41.845;0.2
29.569;41.551;0.5
29.549;41.257;0.5
29.529;40.964;0.5
29.698;40.513;0.2
29.643;40.386;0.2
29.55;40.275;0.2
29.443;40.178;0.2
29.338;40.095;0.2
29.247;40.029;0.2
26.723;39.635;0.5
24.255;39.549;0.5
21.787;39.464;0.5
19.32;39.379;0.5
16.656;39.146;0.2
16.421;39.074;0.2
16.176;39.087;0.2
15.95;39.183;0.2
15.771;39.35;0.2
15.8;39.561;0.5
15.83;39.772;0.5
15.859;39.983;0.5
15.856;40.504;0.2
15.811;40.611;0.2
15.783;40.724;0.2
15.775;40.84;0.2
15.786;40.956;0.2
16.195;41.24;0.5
16.603;41.524;0.5
17.011;41.808;0.5
17.42;42.092;0.5
17.853;42.475;0.2
17.892;42.569;0.2
17.944;42.656;0.2
18.008;42.735;0.2
18.082;42.804;0.2
20.125;42.576;0.5
22.168;42.349;0.5
24.21;42.122;0.5
26.253;41.894;0.5
28.482;41.774;0.2
28.693;41.82;0.2
28.907;41.801;0.2
29.106;41.718;0.2
29.271;41.578;0.2
29.258;41.396;0.5
29.245;41.214;0.5
29.396;40.716;0.2
29.268;40.583;0.2
29.096;40.467;0.2
28.909;40.363;0.2
28.729;40.275;0.2
28.576;40.205;0.2
26.165;39.874;0.5
23.922;39.805;0.5
21.68;39.737;0.5
19.438;39.668;0.5
17;39.453;0.2
16.766;39.382;0.2
16.521;39.396;0.2
16.296;39.491;0.2
16.117;39.658;0.2
16.133;39.842;0.5
16.135;40.675;0.2
16.089;40.782;0.2
16.062;40.895;0.2
16.054;41.012;0.2
16.065;41.128;0.2
16.434;41.315;0.5
16.802;41.503;0.5
17.17;41.691;0.5
17.539;41.878;0.5
17.932;42.164;0.2
17.971;42.258;0.2
18.023;42.345;0.2
18.087;42.424;0.2
18.161;42.493;0.2
20.025;42.286;0.5
21.889;42.078;0.5
23.754;41.871;0.5
25.618;41.663;0.5
27.668;41.563;0.2
27.878;41.609;0.2
28.092;41.59;0.2
28.291;41.507;0.2
28.455;41.369;0.2
28.449;41.274;0.5
28.443;41.178;0.5
28.436;41.083;0.5
28.43;40.988;0.5
28.613;40.942;0.2
28.485;40.809;0.2
28.313;40.694;0.2
28.126;40.591;0.2
27.945;40.503;0.2
27.792;40.434;0.2
25.687;40.122;0.5
23.752;40.071;0.5
21.817;40.02;0.5
19.882;39.969;0.5
17.764;39.779;0.2
17.545;39.706;0.2
17.315;39.707;0.2
17.098;39.782;0.2
16.916;39.923;0.2
16.925;40.17;0.5
16.934;40.418;0.5
16.943;40.666;0.5
16.841;41.338;0.2
16.779;41.543;0.2
16.781;41.757;0.2
16.847;41.96;0.2
16.971;42.135;0.2
17.168;42.138;0.5
17.364;42.141;0.5
17.561;42.144;0.5
17.967;42.163;0.2
17.98;42.175;0.2
17.993;42.187;0.2
18.006;42.199;0.2
18.02;42.21;0.2
19.75;42.017;0.5
21.48;41.824;0.5
23.209;41.631;0.5
24.939;41.437;0.5
26.855;41.351;0.2
27.064;41.397;0.2
27.278;41.379;0.2
27.476;41.297;0.2
27.641;41.159;0.2
27.641;41.153;0.5
27.64;41.147;0.5
27.64;41.14;0.5
27.639;41.134;0.5
16.726;40.197;0.5
18.846;40.197;0.5
20.966;40.197;0.5
23.086;40.197;0.5
25.206;40.197;0.5
27.326;40.197;0.5
27.473;40.245;0.2
27.564;40.37;0.2
27.564;40.525;0.2
27.473;40.65;0.2
27.326;40.697;0.2
24.806;40.697;0.5
22.786;40.697;0.5
20.766;40.697;0.5
18.746;40.697;0.5
16.726;40.697;0.5
16.579;40.745;0.2
16.488;40.87;0.2
16.488;41.025;0.2
16.579;41.15;0.2
16.726;41.197;0.2
18.846;41.197;0.5
20.966;41.197;0.5
23.086;41.197;0.5
25.206;41.197;0.5
27.326;41.197;0.5
27.473;41.245;0.2
27.564;41.37;0.2
27.564;41.525;0.2
27.473;41.65;0.2
27.326;41.697;0.2
24.806;41.697;0.5
22.786;41.697;0.5
20.766;41.697;0.5
18.746;41.697;0.5
16.726;41.697;0.5
16.579;41.745;0.2
16.488;41.87;0.2
16.488;42.025;0.2
16.579;42.15;0.2
16.726;42.197;0.2
18.846;42.197;0.5
20.966;42.197;0.5
23.086;42.197;0.5
25.206;42.197;0.5
27.326;42.197;0.5
#VALUE!;0;0
23.187;15.872;0.5
34.897;16.635;0.5
35.075;16.599;0.2
35.238;16.518;0.2
35.375;16.399;0.2
35.477;16.248;0.2
35.537;16.077;0.2
34.367;14.276;0.5
33.197;12.474;0.5
32.028;10.673;0.5
30.858;8.872;0.5
29.704;6.919;0.2
29.686;6.767;0.2
29.637;6.623;0.2
29.557;6.492;0.2
29.452;6.382;0.2
26.283;6.657;0.5
23.114;6.931;0.5
19.946;7.206;0.5
16.777;7.48;0.5
13.449;7.654;0.2
13.269;7.599;0.2
13.08;7.593;0.2
12.897;7.637;0.2
12.732;7.729;0.2
12.264;10.893;0.5
11.797;14.057;0.5
11.329;17.222;0.5
10.862;20.386;0.5
10.227;23.726;0.2
10.129;23.949;0.2
10.112;24.191;0.2
10.179;24.425;0.2
10.32;24.622;0.2
13.74;24.591;0.5
17.16;24.56;0.5
20.58;24.529;0.5
24;24.499;0.5
27.513;24.544;0.2
27.617;24.604;0.2
27.73;24.645;0.2
27.848;24.667;0.2
27.968;24.668;0.2
29.354;23.062;0.5
30.74;21.455;0.5
32.125;19.849;0.5
33.511;18.242;0.5
34.926;16.884;0.2
34.983;16.764;0.2
35.007;16.629;0.2
35.012;16.491;0.2
35.007;16.364;0.2
34.999;16.259;0.2
34.037;14.318;0.5
32.912;12.585;0.5
31.786;10.852;0.5
30.66;9.118;0.5
29.55;7.233;0.2
29.533;7.081;0.2
29.483;6.937;0.2
29.404;6.807;0.2
29.298;6.697;0.2
26.213;6.964;0.5
23.127;7.231;0.5
20.042;7.499;0.5
16.956;7.766;0.5
13.711;7.932;0.2
13.531;7.877;0.2
13.343;7.871;0.2
13.159;7.916;0.2
12.994;8.007;0.2
12.544;11.055;0.5
12.093;14.103;0.5
11.643;17.151;0.5
11.193;20.199;0.5
10.575;23.423;0.2
10.477;23.646;0.2
10.46;23.888;0.2
10.527;24.122;0.2
10.668;24.319;0.2
13.991;24.289;0.5
17.314;24.259;0.5
20.636;24.229;0.5
23.959;24.199;0.5
27.374;24.245;0.2
27.478;24.305;0.2
27.591;24.346;0.2
27.709;24.368;0.2
27.829;24.369;0.2
29.168;22.818;0.5
30.507;21.266;0.5
31.846;19.714;0.5
33.184;18.162;0.5
34.552;16.859;0.2
34.609;16.739;0.2
34.633;16.603;0.2
34.638;16.466;0.2
34.633;16.339;0.2
34.625;16.234;0.2
33.707;14.361;0.5
32.626;12.695;0.5
31.544;11.03;0.5
30.463;9.365;0.5
29.397;7.547;0.2
29.379;7.396;0.2
29.33;7.252;0.2
29.25;7.121;0.2
29.145;7.011;0.2
26.142;7.271;0.5
23.14;7.531;0.5
20.137;7.791;0.5
17.135;8.052;0.5
13.974;8.211;0.2
13.793;8.156;0.2
13.605;8.15;0.2
13.421;8.194;0.2
13.256;8.285;0.2
12.823;11.217;0.5
12.39;14.149;0.5
11.957;17.08;0.5
11.523;20.012;0.5
10.923;23.12;0.2
10.825;23.342;0.2
10.809;23.585;0.2
10.875;23.819;0.2
11.016;24.016;0.2
14.242;23.987;0.5
17.467;23.958;0.5
20.693;23.928;0.5
23.918;23.899;0.5
27.236;23.947;0.2
27.34;24.006;0.2
27.453;24.048;0.2
27.571;24.069;0.2
27.691;24.071;0.2
28.982;22.573;0.5
30.274;21.076;0.5
31.566;19.579;0.5
32.857;18.082;0.5
34.178;16.834;0.2
34.235;16.714;0.2
34.258;16.578;0.2
34.263;16.441;0.2
34.259;16.314;0.2
34.251;16.208;0.2
33.377;14.403;0.5
32.34;12.806;0.5
31.302;11.209;0.5
30.265;9.611;0.5
29.243;7.862;0.2
29.226;7.71;0.2
29.176;7.566;0.2
29.097;7.436;0.2
28.991;7.325;0.2
26.072;7.578;0.5
23.153;7.831;0.5
20.233;8.084;0.5
17.314;8.337;0.5
14.236;8.489;0.2
14.055;8.434;0.2
13.867;8.428;0.2
13.683;8.473;0.2
13.518;8.564;0.2
13.102;11.379;0.5
12.686;14.195;0.5
12.27;17.01;0.5
11.854;19.825;0.5
11.271;22.817;0.2
11.173;23.039;0.2
11.157;23.282;0.2
11.223;23.515;0.2
11.364;23.713;0.2
14.493;23.685;0.5
17.621;23.656;0.5
20.749;23.628;0.5
23.877;23.6;0.5
27.097;23.648;0.2
27.201;23.708;0.2
27.314;23.749;0.2
27.432;23.771;0.2
27.552;23.772;0.2
28.797;22.329;0.5
30.041;20.887;0.5
31.286;19.444;0.5
32.53;18.002;0.5
33.804;16.808;0.2
33.861;16.688;0.2
33.884;16.552;0.2
33.889;16.415;0.2
33.885;16.288;0.2
33.877;16.183;0.2
33.047;14.446;0.5
32.054;12.916;0.5
31.06;11.387;0.5
30.067;9.858;0.5
29.09;8.176;0.2
29.072;8.025;0.2
29.022;7.88;0.2
28.943;7.75;0.2
28.837;7.64;0.2
26.001;7.886;0.5
23.165;8.131;0.5
20.329;8.377;0.5
17.493;8.623;0.5
14.498;8.768;0.2
14.317;8.712;0.2
14.129;8.707;0.2
13.946;8.751;0.2
13.781;8.842;0.2
13.382;11.541;0.5
12.983;14.24;0.5
12.584;16.939;0.5
12.185;19.638;0.5
11.619;22.514;0.2
11.521;22.736;0.2
11.505;22.979;0.2
11.571;23.212;0.2
11.712;23.41;0.2
14.743;23.382;0.5
17.774;23.355;0.5
20.805;23.327;0.5
23.836;23.3;0.5
26.959;23.349;0.2
27.063;23.409;0.2
27.176;23.45;0.2
27.294;23.472;0.2
27.414;23.473;0.2
28.611;22.085;0.5
29.808;20.697;0.5
31.006;19.309;0.5
32.203;17.921;0.5
33.427;16.791;0.2
33.487;16.677;0.2
33.513;16.548;0.2
33.519;16.418;0.2
33.515;16.298;0.2
33.508;16.199;0.2
32.717;14.529;0.5
31.768;13.058;0.5
30.819;11.586;0.5
29.87;10.114;0.5
28.936;8.491;0.2
28.919;8.339;0.2
28.869;8.195;0.2
28.789;8.064;0.2
28.684;7.954;0.2
25.931;8.193;0.5
23.178;8.431;0.5
20.425;8.67;0.5
17.672;8.909;0.5
14.76;9.046;0.2
14.58;8.991;0.2
14.391;8.985;0.2
14.208;9.029;0.2
14.043;9.121;0.2
13.661;11.703;0.5
13.279;14.286;0.5
12.898;16.869;0.5
12.516;19.452;0.5
11.967;22.211;0.2
11.869;22.433;0.2
11.853;22.675;0.2
11.919;22.909;0.2
12.061;23.107;0.2
14.994;23.08;0.5
17.927;23.053;0.5
20.861;23.027;0.5
23.794;23;0.5
26.82;23.05;0.2
26.925;23.11;0.2
27.037;23.151;0.2
27.155;23.173;0.2
27.275;23.174;0.2
28.426;21.851;0.5
29.576;20.528;0.5
30.726;19.205;0.5
31.876;17.882;0.5
33.053;16.807;0.2
33.111;16.687;0.2
33.134;16.551;0.2
33.14;16.414;0.2
33.136;16.287;0.2
33.128;16.181;0.2
32.386;14.571;0.5
31.481;13.168;0.5
30.575;11.765;0.5
29.67;10.362;0.5
28.781;8.807;0.2
28.764;8.655;0.2
28.714;8.51;0.2
28.635;8.379;0.2
28.529;8.269;0.2
25.859;8.5;0.5
23.19;8.731;0.5
20.52;8.963;0.5
17.851;9.194;0.5
15.022;9.324;0.2
14.842;9.269;0.2
14.653;9.263;0.2
14.47;9.308;0.2
14.305;9.399;0.2
13.94;11.865;0.5
13.576;14.332;0.5
13.211;16.798;0.5
12.847;19.265;0.5
12.315;21.907;0.2
12.217;22.13;0.2
12.201;22.372;0.2
12.267;22.606;0.2
12.409;22.803;0.2
15.245;22.778;0.5
18.082;22.752;0.5
20.918;22.726;0.5
23.755;22.701;0.5
26.683;22.751;0.2
26.787;22.811;0.2
26.899;22.852;0.2
27.017;22.874;0.2
27.136;22.876;0.2
28.239;21.607;0.5
29.341;20.338;0.5
30.444;19.069;0.5
31.547;17.8;0.5
32.675;16.788;0.2
32.736;16.675;0.2
32.762;16.547;0.2
32.769;16.417;0.2
32.765;16.297;0.2
32.758;16.198;0.2
32.056;14.655;0.5
31.194;13.31;0.5
30.333;11.965;0.5
29.472;10.619;0.5
28.627;9.121;0.2
28.61;8.969;0.2
28.56;8.825;0.2
28.481;8.694;0.2
28.375;8.583;0.2
25.788;8.807;0.5
23.202;9.032;0.5
20.616;9.256;0.5
18.03;9.48;0.5
15.284;9.603;0.2
15.104;9.548;0.2
14.915;9.542;0.2
14.732;9.586;0.2
14.567;9.677;0.2
14.22;12.028;0.5
13.872;14.378;0.5
13.525;16.728;0.5
13.178;19.078;0.5
12.663;21.604;0.2
12.565;21.827;0.2
12.549;22.069;0.2
12.615;22.303;0.2
12.757;22.5;0.2
15.496;22.475;0.5
18.235;22.451;0.5
20.975;22.426;0.5
23.714;22.401;0.5
26.545;22.452;0.2
26.649;22.512;0.2
26.761;22.553;0.2
26.879;22.575;0.2
26.998;22.577;0.2
28.054;21.373;0.5
29.109;20.169;0.5
30.164;18.965;0.5
31.22;17.761;0.5
32.301;16.805;0.2
32.359;16.685;0.2
32.383;16.549;0.2
32.389;16.412;0.2
32.385;16.285;0.2
32.378;16.179;0.2
31.725;14.696;0.5
30.907;13.42;0.5
30.09;12.143;0.5
29.272;10.867;0.5
28.471;9.438;0.2
28.454;9.285;0.2
28.405;9.14;0.2
28.325;9.009;0.2
28.219;8.898;0.2
25.716;9.115;0.5
23.213;9.332;0.5
20.711;9.549;0.5
18.208;9.765;0.5
15.546;9.881;0.2
15.366;9.826;0.2
15.177;9.82;0.2
14.994;9.865;0.2
14.829;9.956;0.2
14.499;12.19;0.5
14.169;14.423;0.5
13.839;16.657;0.5
13.509;18.891;0.5
13.011;21.301;0.2
12.914;21.523;0.2
12.897;21.766;0.2
12.963;22;0.2
13.105;22.197;0.2
15.747;22.173;0.5
18.39;22.149;0.5
21.032;22.125;0.5
23.675;22.101;0.5
26.409;22.153;0.2
26.512;22.213;0.2
26.624;22.254;0.2
26.741;22.276;0.2
26.86;22.279;0.2
27.867;21.128;0.5
28.875;19.978;0.5
29.883;18.828;0.5
30.89;17.677;0.5
31.923;16.785;0.2
31.984;16.672;0.2
32.01;16.545;0.2
32.018;16.415;0.2
32.015;16.296;0.2
32.009;16.197;0.2
31.394;14.782;0.5
30.621;13.563;0.5
29.847;12.343;0.5
29.073;11.124;0.5
28.316;9.753;0.2
28.299;9.6;0.2
28.25;9.455;0.2
28.17;9.323;0.2
28.064;9.212;0.2
25.645;9.422;0.5
23.225;9.632;0.5
20.806;9.841;0.5
18.387;10.051;0.5
15.808;10.16;0.2
15.628;10.104;0.2
15.44;10.099;0.2
15.256;10.143;0.2
15.091;10.234;0.2
14.778;12.352;0.5
14.465;14.469;0.5
14.152;16.587;0.5
13.84;18.704;0.5
13.359;20.998;0.2
13.262;21.22;0.2
13.245;21.463;0.2
13.311;21.696;0.2
13.453;21.894;0.2
15.998;21.871;0.5
18.544;21.848;0.5
21.089;21.825;0.5
23.635;21.802;0.5
26.272;21.855;0.2
26.375;21.914;0.2
26.487;21.955;0.2
26.603;21.978;0.2
26.722;21.98;0.2
27.683;20.895;0.5
28.643;19.81;0.5
29.603;18.725;0.5
30.564;17.64;0.5
31.549;16.803;0.2
31.607;16.683;0.2
31.632;16.547;0.2
31.638;16.41;0.2
31.635;16.283;0.2
31.628;16.177;0.2
31.063;14.821;0.5
30.333;13.672;0.5
29.603;12.522;0.5
28.872;11.372;0.5
28.159;10.069;0.2
28.143;9.916;0.2
28.093;9.77;0.2
28.013;9.639;0.2
27.907;9.527;0.2
25.572;9.73;0.5
23.236;9.932;0.5
20.901;10.134;0.5
18.565;10.337;0.5
16.07;10.438;0.2
15.89;10.383;0.2
15.702;10.377;0.2
15.518;10.421;0.2
15.353;10.513;0.2
15.058;12.514;0.5
14.762;14.515;0.5
14.466;16.516;0.5
14.17;18.517;0.5
13.707;20.695;0.2
13.61;20.917;0.2
13.593;21.16;0.2
13.659;21.393;0.2
13.801;21.591;0.2
16.25;21.569;0.5
18.699;21.546;0.5
21.148;21.524;0.5
23.597;21.502;0.5
26.137;21.555;0.2
26.239;21.615;0.2
26.35;21.656;0.2
26.466;21.678;0.2
26.584;21.681;0.2
27.497;20.649;0.5
28.409;19.618;0.5
29.321;18.586;0.5
30.234;17.554;0.5
31.17;16.782;0.2
31.231;16.67;0.2
31.259;16.542;0.2
31.267;16.414;0.2
31.265;16.295;0.2
31.259;16.196;0.2
30.732;14.908;0.5
30.046;13.815;0.5
29.36;12.723;0.5
28.673;11.63;0.5
28.004;10.384;0.2
27.987;10.231;0.2
27.938;10.085;0.2
27.858;9.953;0.2
27.751;9.842;0.2
25.5;10.037;0.5
23.248;10.232;0.5
20.996;10.427;0.5
18.744;10.622;0.5
16.333;10.717;0.2
16.152;10.661;0.2
15.964;10.656;0.2
15.78;10.7;0.2
15.615;10.791;0.2
15.337;12.676;0.5
15.058;14.561;0.5
14.78;16.446;0.5
14.501;18.331;0.5
14.055;20.392;0.2
13.958;20.614;0.2
13.941;20.856;0.2
14.007;21.09;0.2
14.149;21.288;0.2
16.501;21.266;0.5
18.853;21.245;0.5
21.205;21.224;0.5
23.557;21.202;0.5
26;21.257;0.2
26.103;21.316;0.2
26.214;21.357;0.2
26.33;21.38;0.2
26.448;21.382;0.2
27.313;20.416;0.5
28.178;19.45;0.5
29.042;18.484;0.5
29.907;17.518;0.5
30.795;16.8;0.2
30.854;16.681;0.2
30.88;16.545;0.2
30.887;16.408;0.2
30.884;16.28;0.2
30.878;16.174;0.2
30.401;14.946;0.5
29.758;13.923;0.5
29.114;12.901;0.5
28.471;11.878;0.5
27.846;10.701;0.2
27.829;10.548;0.2
27.78;10.401;0.2
27.7;10.268;0.2
27.593;10.157;0.2
25.426;10.344;0.5
23.258;10.532;0.5
21.09;10.72;0.5
18.922;10.908;0.5
16.595;10.995;0.2
16.414;10.94;0.2
16.226;10.934;0.2
16.043;10.978;0.2
15.877;11.07;0.2
15.616;12.838;0.5
15.355;14.607;0.5
15.093;16.375;0.5
14.832;18.144;0.5
14.404;20.088;0.2
14.306;20.311;0.2
14.289;20.553;0.2
14.355;20.787;0.2
14.497;20.984;0.2
16.753;20.964;0.5
19.008;20.944;0.5
21.264;20.923;0.5
23.52;20.903;0.5
25.866;20.957;0.2
25.968;21.016;0.2
26.078;21.058;0.2
26.193;21.081;0.2
26.31;21.084;0.2
27.127;20.171;0.5
27.944;19.257;0.5
28.76;18.344;0.5
29.577;17.431;0.5
30.416;16.778;0.2
30.478;16.666;0.2
30.506;16.54;0.2
30.515;16.411;0.2
30.514;16.293;0.2
30.508;16.194;0.2
30.07;15.034;0.5
29.47;14.068;0.5
28.871;13.102;0.5
28.271;12.136;0.5
27.689;11.016;0.2
27.673;10.862;0.2
27.624;10.716;0.2
27.544;10.583;0.2
27.437;10.471;0.2
25.353;10.652;0.5
23.269;10.833;0.5
21.184;11.013;0.5
19.1;11.194;0.5
16.857;11.273;0.2
16.677;11.218;0.2
16.488;11.212;0.2
16.305;11.257;0.2
16.14;11.348;0.2
15.895;13;0.5
15.651;14.652;0.5
15.407;16.305;0.5
15.163;17.957;0.5
14.752;19.785;0.2
14.654;20.008;0.2
14.637;20.25;0.2
14.703;20.484;0.2
14.845;20.681;0.2
17.004;20.662;0.5
19.163;20.642;0.5
21.322;20.623;0.5
23.481;20.603;0.5
25.731;20.659;0.2
25.832;20.718;0.2
25.942;20.759;0.2
26.058;20.782;0.2
26.175;20.785;0.2
26.944;19.938;0.5
27.713;19.091;0.5
28.482;18.244;0.5
29.251;17.397;0.5
30.041;16.797;0.2
30.101;16.678;0.2
30.127;16.542;0.2
30.135;16.405;0.2
30.133;16.277;0.2
30.127;16.171;0.2
29.738;15.071;0.5
29.181;14.175;0.5
28.625;13.28;0.5
28.068;12.384;0.5
27.53;11.334;0.2
27.514;11.179;0.2
27.465;11.032;0.2
27.385;10.899;0.2
27.278;10.786;0.2
25.278;10.96;0.5
23.278;11.133;0.5
21.278;11.306;0.5
19.278;11.479;0.5
17.119;11.552;0.2
16.939;11.496;0.2
16.75;11.491;0.2
16.567;11.535;0.2
16.402;11.626;0.2
16.175;13.162;0.5
15.948;14.698;0.5
15.721;16.234;0.5
15.494;17.77;0.5
15.1;19.482;0.2
15.002;19.705;0.2
14.985;19.947;0.2
15.051;20.181;0.2
15.193;20.378;0.2
17.256;20.359;0.5
19.319;20.341;0.5
21.382;20.322;0.5
23.445;20.303;0.5
25.598;20.359;0.2
25.699;20.418;0.2
25.808;20.46;0.2
25.922;20.483;0.2
26.038;20.486;0.2
26.759;19.692;0.5
27.479;18.897;0.5
28.2;18.102;0.5
28.92;17.307;0.5
29.661;16.773;0.2
29.724;16.662;0.2
29.753;16.536;0.2
29.763;16.409;0.2
29.763;16.291;0.2
29.758;16.193;0.2
29.407;15.161;0.5
28.894;14.322;0.5
28.38;13.482;0.5
27.867;12.643;0.5
27.372;11.649;0.2
27.356;11.494;0.2
27.307;11.347;0.2
27.227;11.213;0.2
27.12;11.101;0.2
25.204;11.267;0.5
23.288;11.433;0.5
21.372;11.599;0.5
19.456;11.765;0.5
17.381;11.83;0.2
17.201;11.775;0.2
17.012;11.769;0.2
16.829;11.814;0.2
16.664;11.905;0.2
16.454;13.324;0.5
16.244;14.744;0.5
16.035;16.164;0.5
15.825;17.583;0.5
15.448;19.179;0.2
15.35;19.401;0.2
15.333;19.644;0.2
15.4;19.877;0.2
15.541;20.075;0.2
17.508;20.057;0.5
19.474;20.039;0.5
21.441;20.022;0.5
23.408;20.004;0.5
25.464;20.06;0.2
25.565;20.119;0.2
25.674;20.161;0.2
25.788;20.184;0.2
25.904;20.188;0.2
26.577;19.459;0.5
27.249;18.731;0.5
27.922;18.003;0.5
28.594;17.274;0.5
29.286;16.793;0.2
29.346;16.674;0.2
29.374;16.539;0.2
29.382;16.401;0.2
29.381;16.274;0.2
29.376;16.167;0.2
29.074;15.196;0.5
28.604;14.427;0.5
28.133;13.659;0.5
27.662;12.891;0.5
27.211;11.967;0.2
27.196;11.812;0.2
27.147;11.663;0.2
27.067;11.529;0.2
26.959;11.416;0.2
25.128;11.575;0.5
23.296;11.733;0.5
21.465;11.892;0.5
19.634;12.051;0.5
17.643;12.109;0.2
17.463;12.053;0.2
17.274;12.048;0.2
17.091;12.092;0.2
16.926;12.183;0.2
16.733;13.486;0.5
16.541;14.79;0.5
16.348;16.093;0.5
16.156;17.396;0.5
15.796;18.876;0.2
15.698;19.098;0.2
15.681;19.341;0.2
15.748;19.574;0.2
15.889;19.772;0.2
17.76;19.755;0.5
19.631;19.738;0.5
21.502;19.721;0.5
23.373;19.704;0.5
25.333;19.761;0.2
25.432;19.819;0.2
25.54;19.861;0.2
25.653;19.884;0.2
25.768;19.889;0.2
26.392;19.212;0.5
27.016;18.536;0.5
27.639;17.859;0.5
28.263;17.182;0.5
28.904;16.767;0.2
28.969;16.657;0.2
28.999;16.532;0.2
29.01;16.406;0.2
29.011;16.288;0.2
29.007;16.191;0.2
28.743;15.288;0.5
28.316;14.575;0.5
27.888;13.863;0.5
27.46;13.15;0.5
27.052;12.282;0.2
27.037;12.127;0.2
26.988;11.978;0.2
26.908;11.844;0.2
26.8;11.731;0.2
25.053;11.882;0.5
23.306;12.034;0.5
21.559;12.185;0.5
19.812;12.337;0.5
17.905;12.387;0.2
17.725;12.332;0.2
17.536;12.326;0.2
17.353;12.37;0.2
17.188;12.462;0.2
17.013;13.649;0.5
16.837;14.836;0.5
16.662;16.022;0.5
16.486;17.209;0.5
16.144;18.573;0.2
16.046;18.795;0.2
16.029;19.037;0.2
16.096;19.271;0.2
16.237;19.469;0.2
18.012;19.453;0.5
19.787;19.436;0.5
21.562;19.42;0.5
23.337;19.404;0.5
25.2;19.462;0.2
25.3;19.521;0.2
25.407;19.562;0.2
25.52;19.586;0.2
25.636;19.59;0.2
26.211;18.981;0.5
26.786;18.371;0.5
27.362;17.761;0.5
27.937;17.151;0.5
28.529;16.788;0.2
28.59;16.67;0.2
28.619;16.534;0.2
28.629;16.397;0.2
28.629;16.269;0.2
28.624;16.163;0.2
28.41;15.32;0.5
28.024;14.679;0.5
27.639;14.039;0.5
27.253;13.398;0.5
26.889;12.602;0.2
26.874;12.445;0.2
26.826;12.296;0.2
26.745;12.16;0.2
26.637;12.046;0.2
24.975;12.19;0.5
23.313;12.334;0.5
21.651;12.478;0.5
19.989;12.622;0.5
18.167;12.665;0.2
17.987;12.61;0.2
17.799;12.604;0.2
17.615;12.649;0.2
17.45;12.74;0.2
17.292;13.811;0.5
17.134;14.881;0.5
16.976;15.952;0.5
16.817;17.023;0.5
16.492;18.269;0.2
16.394;18.492;0.2
16.377;18.734;0.2
16.444;18.968;0.2
16.585;19.165;0.2
18.265;19.15;0.5
19.945;19.135;0.5
21.624;19.12;0.5
23.304;19.105;0.5
25.071;19.162;0.2
25.169;19.22;0.2
25.276;19.262;0.2
25.387;19.286;0.2
25.501;19.292;0.2
26.027;18.733;0.5
26.553;18.174;0.5
27.079;17.614;0.5
27.605;17.055;0.5
28.145;16.759;0.2
28.211;16.651;0.2
28.243;16.527;0.2
28.256;16.401;0.2
28.258;16.285;0.2
28.255;16.188;0.2
28.078;15.415;0.5
27.736;14.829;0.5
27.393;14.244;0.5
27.05;13.659;0.5
26.728;12.917;0.2
26.714;12.76;0.2
26.665;12.611;0.2
26.585;12.475;0.2
26.476;12.361;0.2
24.899;12.498;0.5
23.321;12.635;0.5
21.744;12.771;0.5
20.166;12.908;0.5
18.43;12.944;0.2
18.249;12.888;0.2
18.061;12.883;0.2
17.877;12.927;0.2
17.712;13.018;0.2
17.571;13.973;0.5
17.43;14.927;0.5
17.289;15.881;0.5
17.148;16.836;0.5
16.84;17.966;0.2
16.742;18.189;0.2
16.725;18.431;0.2
16.792;18.665;0.2
16.933;18.862;0.2
18.517;18.848;0.5
20.101;18.834;0.5
21.685;18.819;0.5
23.269;18.805;0.5
24.94;18.864;0.2
25.039;18.922;0.2
25.145;18.963;0.2
25.256;18.987;0.2
25.37;18.993;0.2
25.847;18.502;0.5
26.325;18.01;0.5
26.802;17.519;0.5
27.279;17.028;0.5
27.769;16.782;0.2
27.832;16.664;0.2
27.862;16.528;0.2
27.874;16.391;0.2
27.875;16.263;0.2
27.872;16.156;0.2
27.744;15.443;0.5
27.443;14.931;0.5
27.142;14.419;0.5
26.841;13.907;0.5
26.562;13.238;0.2
26.549;13.08;0.2
26.5;12.929;0.2
26.419;12.792;0.2
26.31;12.677;0.2
24.818;12.806;0.5
23.326;12.935;0.5
21.835;13.065;0.5
20.343;13.194;0.5
18.692;13.222;0.2
18.511;13.167;0.2
18.323;13.161;0.2
18.139;13.206;0.2
17.974;13.297;0.2
17.851;14.135;0.5
17.727;14.973;0.5
17.603;15.811;0.5
17.479;16.649;0.5
17.188;17.663;0.2
17.09;17.886;0.2
17.074;18.128;0.2
17.14;18.362;0.2
17.281;18.559;0.2
18.771;18.546;0.5
20.26;18.532;0.5
21.75;18.519;0.5
23.239;18.505;0.5
24.815;18.564;0.2
24.911;18.621;0.2
25.015;18.663;0.2
25.124;18.687;0.2
25.236;18.694;0.2
25.663;18.252;0.5
26.091;17.81;0.5
26.518;17.368;0.5
26.945;16.926;0.5
27.383;16.749;0.2
27.451;16.643;0.2
27.485;16.52;0.2
27.499;16.396;0.2
27.503;16.281;0.2
27.501;16.185;0.2
27.412;15.542;0.5
27.153;15.084;0.5
26.894;14.626;0.5
26.636;14.169;0.5
26.399;13.554;0.2
26.386;13.395;0.2
26.338;13.244;0.2
26.257;13.107;0.2
26.147;12.992;0.2
24.741;13.114;0.5
23.334;13.236;0.5
21.927;13.358;0.5
20.52;13.48;0.5
18.954;13.501;0.2
18.773;13.445;0.2
18.585;13.44;0.2
18.402;13.484;0.2
18.237;13.575;0.2
18.13;14.297;0.5
18.023;15.019;0.5
17.917;15.74;0.5
17.81;16.462;0.5
17.536;17.36;0.2
17.438;17.582;0.2
17.422;17.825;0.2
17.488;18.058;0.2
17.629;18.256;0.2
19.024;18.243;0.5
20.418;18.231;0.5
21.812;18.218;0.5
23.206;18.205;0.5
24.686;18.265;0.2
24.782;18.322;0.2
24.887;18.364;0.2
24.996;18.388;0.2
25.108;18.395;0.2
25.486;18.022;0.5
25.864;17.649;0.5
26.242;17.276;0.5
26.62;16.902;0.5
27.006;16.773;0.2
27.071;16.655;0.2
27.103;16.52;0.2
27.116;16.382;0.2
27.119;16.254;0.2
27.117;16.147;0.2
27.076;15.565;0.5
26.858;15.183;0.5
26.64;14.801;0.5
26.422;14.418;0.5
26.229;13.877;0.2
26.217;13.717;0.2
26.169;13.563;0.2
26.088;13.425;0.2
25.977;13.308;0.2
24.657;13.422;0.5
23.336;13.537;0.5
22.016;13.651;0.5
20.696;13.766;0.5
19.216;13.779;0.2
19.036;13.724;0.2
18.847;13.718;0.2
18.664;13.762;0.2
18.499;13.854;0.2
18.409;14.459;0.5
18.32;15.064;0.5
18.23;15.67;0.5
18.141;16.275;0.5
17.884;17.057;0.2
17.786;17.279;0.2
17.77;17.522;0.2
17.836;17.755;0.2
17.977;17.953;0.2
19.278;17.941;0.5
20.579;17.929;0.5
21.88;17.917;0.5
23.18;17.906;0.5
24.565;17.964;0.2
24.658;18.021;0.2
24.759;18.062;0.2
24.866;18.088;0.2
24.975;18.097;0.2
25.302;17.771;0.5
25.629;17.445;0.5
25.956;17.119;0.5
26.283;16.794;0.5
26.615;16.734;0.2
26.686;16.631;0.2
26.722;16.511;0.2
26.74;16.388;0.2
26.746;16.274;0.2
26.746;16.18;0.2
26.744;15.669;0.5
26.567;15.34;0.5
26.391;15.01;0.5
26.063;14.193;0.2
26.051;14.032;0.2
26.004;13.879;0.2
25.922;13.74;0.2
25.812;13.623;0.2
24.577;13.73;0.5
23.342;13.837;0.5
22.107;13.944;0.5
20.872;14.051;0.5
19.478;14.057;0.2
19.298;14.002;0.2
19.109;13.996;0.2
18.926;14.041;0.2
18.761;14.132;0.2
18.689;14.621;0.5
18.616;15.11;0.5
18.544;15.599;0.5
18.472;16.088;0.5
18.232;16.754;0.2
18.134;16.976;0.2
18.118;17.218;0.2
18.184;17.452;0.2
18.326;17.65;0.2
19.532;17.639;0.5
20.738;17.628;0.5
21.944;17.617;0.5
23.15;17.606;0.5
24.44;17.665;0.2
24.533;17.722;0.2
24.634;17.764;0.2
24.741;17.789;0.2
24.85;17.798;0.2
25.127;17.542;0.5
25.404;17.286;0.5
25.682;17.03;0.5
26.236;16.759;0.2
26.303;16.643;0.2
26.338;16.508;0.2
26.355;16.369;0.2
26.36;16.24;0.2
26.361;16.133;0.2
26.405;15.685;0.5
26.268;15.434;0.5
26.132;15.183;0.5
25.886;14.52;0.2
25.876;14.357;0.2
25.829;14.2;0.2
25.747;14.059;0.2
25.635;13.94;0.2
24.488;14.039;0.5
23.341;14.139;0.5
22.194;14.238;0.5
21.047;14.337;0.5
19.74;14.336;0.2
19.56;14.281;0.2
19.371;14.275;0.2
19.188;14.319;0.2
19.023;14.41;0.2
18.968;14.783;0.5
18.913;15.156;0.5
18.858;15.529;0.5
18.58;16.45;0.2
18.482;16.673;0.2
18.466;16.915;0.2
18.532;17.149;0.2
18.674;17.346;0.2
19.788;17.336;0.5
20.902;17.326;0.5
22.016;17.316;0.5
23.13;17.306;0.5
24.325;17.364;0.2
24.414;17.419;0.2
24.511;17.461;0.2
24.613;17.487;0.2
24.718;17.498;0.2
24.942;17.287;0.5
25.167;17.076;0.5
25.392;16.865;0.5
25.837;16.711;0.2
25.912;16.612;0.2
25.952;16.496;0.2
25.973;16.376;0.2
25.983;16.265;0.2
25.986;16.172;0.2
26.072;15.796;0.5
25.976;15.597;0.5
25.717;14.836;0.2
25.707;14.673;0.2
25.66;14.516;0.2
25.578;14.375;0.2
25.466;14.256;0.2
24.405;14.348;0.5
23.344;14.439;0.5
22.283;14.531;0.5
21.222;14.623;0.5
20.002;14.614;0.2
19.822;14.559;0.2
19.633;14.553;0.2
19.45;14.598;0.2
19.285;14.689;0.2
19.247;14.945;0.5
19.209;15.202;0.5
19.171;15.458;0.5
18.928;16.147;0.2
18.83;16.37;0.2
18.814;16.612;0.2
18.88;16.846;0.2
19.022;17.043;0.2
20.042;17.034;0.5
21.063;17.025;0.5
22.083;17.016;0.5
23.104;17.006;0.5
24.205;17.065;0.2
24.294;17.12;0.2
24.391;17.162;0.2
24.493;17.188;0.2
24.598;17.199;0.2
24.772;17.06;0.5
24.946;16.921;0.5
25.119;16.781;0.5
25.452;16.734;0.2
25.524;16.62;0.2
25.564;16.485;0.2
25.585;16.346;0.2
25.595;16.216;0.2
25.599;16.107;0.2
25.728;15.799;0.5
25.528;15.171;0.2
25.521;15.003;0.2
25.475;14.842;0.2
25.393;14.696;0.2
25.278;14.573;0.2
24.307;14.657;0.5
23.336;14.741;0.5
22.365;14.825;0.5
21.394;14.91;0.5
20.264;14.893;0.2
20.084;14.837;0.2
19.896;14.832;0.2
19.712;14.876;0.2
19.547;14.967;0.2
19.526;15.107;0.5
19.276;15.844;0.2
19.179;16.067;0.2
19.162;16.309;0.2
19.228;16.543;0.2
19.37;16.74;0.2
20.301;16.732;0.5
21.233;16.723;0.5
22.165;16.715;0.5
23.096;16.706;0.5
24.103;16.762;0.2
24.185;16.814;0.2
24.274;16.855;0.2
24.368;16.883;0.2
24.465;16.898;0.2
24.583;16.798;0.5
24.701;16.698;0.5
19.632;15.065;0.5
20.714;15.065;0.5
21.796;15.065;0.5
22.878;15.065;0.5
23.96;15.065;0.5
25.042;15.065;0.5
25.189;15.112;0.2
25.28;15.237;0.2
25.28;15.392;0.2
25.189;15.517;0.2
25.042;15.565;0.2
23.56;15.565;0.5
22.578;15.565;0.5
21.596;15.565;0.5
20.614;15.565;0.5
19.632;15.565;0.5
19.485;15.612;0.2
19.394;15.737;0.2
19.394;15.892;0.2
19.485;16.017;0.2
19.632;16.065;0.2
20.714;16.065;0.5
21.796;16.065;0.5
22.878;16.065;0.5
23.96;16.065;0.5
25.042;16.065;0.5
25.189;16.112;0.2
25.28;16.237;0.2
25.28;16.392;0.2
25.189;16.517;0.2
25.042;16.565;0.2
23.56;16.565;0.5
22.578;16.565;0.5
21.596;16.565;0.5
20.614;16.565;0.5
19.632;16.565;0.5
#VALUE!;0;0
50.494;12.959;0.5
55.59;5.645;0.5
55.702;5.441;0.2
55.741;5.212;0.2
55.705;4.982;0.2
55.596;4.777;0.2
55.426;4.618;0.2
53.177;5.072;0.5
50.929;5.525;0.5
48.681;5.978;0.5
46.432;6.432;0.5
43.981;6.793;0.2
43.76;6.768;0.2
43.542;6.813;0.2
43.349;6.924;0.2
43.2;7.089;0.2
43.731;9.586;0.5
44.262;12.083;0.5
44.793;14.58;0.5
45.323;17.077;0.5
45.77;19.757;0.2
45.74;19.958;0.2
45.769;20.158;0.2
45.853;20.342;0.2
45.986;20.495;0.2
48.037;20.34;0.5
50.088;20.186;0.5
52.139;20.032;0.5
54.189;19.877;0.5
56.434;19.842;0.2
56.656;19.892;0.2
56.882;19.87;0.2
57.089;19.778;0.2
57.257;19.624;0.2
56.924;16.828;0.5
56.59;14.032;0.5
56.257;11.236;0.5
55.923;8.441;0.5
55.821;5.747;0.2
55.748;5.625;0.2
55.636;5.525;0.2
55.51;5.441;0.2
55.387;5.372;0.2
55.283;5.318;0.2
53.041;5.405;0.5
50.916;5.834;0.5
48.791;6.262;0.5
46.666;6.691;0.5
44.338;7.027;0.2
44.117;7.002;0.2
43.899;7.047;0.2
43.705;7.158;0.2
43.556;7.323;0.2
44.064;9.709;0.5
44.571;12.096;0.5
45.078;14.482;0.5
45.586;16.868;0.5
46.009;19.438;0.2
45.979;19.639;0.2
46.008;19.839;0.2
46.092;20.023;0.2
46.225;20.176;0.2
48.161;20.03;0.5
50.097;19.884;0.5
52.033;19.739;0.5
53.969;19.593;0.5
56.099;19.566;0.2
56.321;19.617;0.2
56.547;19.595;0.2
56.754;19.502;0.2
56.922;19.348;0.2
56.604;16.679;0.5
56.285;14.01;0.5
55.967;11.341;0.5
55.649;8.672;0.5
55.562;6.106;0.2
55.488;5.983;0.2
55.376;5.884;0.2
55.25;5.8;0.2
55.128;5.731;0.2
55.024;5.677;0.2
52.905;5.739;0.5
50.903;6.142;0.5
48.901;6.546;0.5
46.899;6.95;0.5
44.694;7.261;0.2
44.473;7.236;0.2
44.255;7.281;0.2
44.062;7.392;0.2
43.913;7.557;0.2
44.397;9.833;0.5
44.88;12.109;0.5
45.364;14.384;0.5
45.848;16.66;0.5
46.247;19.12;0.2
46.218;19.32;0.2
46.247;19.52;0.2
46.331;19.704;0.2
46.464;19.857;0.2
48.285;19.72;0.5
50.107;19.583;0.5
51.928;19.446;0.5
53.749;19.309;0.5
55.764;19.29;0.2
55.986;19.341;0.2
56.212;19.319;0.2
56.419;19.227;0.2
56.587;19.073;0.2
56.284;16.531;0.5
55.981;13.988;0.5
55.678;11.446;0.5
55.374;8.904;0.5
55.302;6.464;0.2
55.229;6.342;0.2
55.117;6.242;0.2
54.991;6.158;0.2
54.869;6.089;0.2
54.764;6.035;0.2
52.769;6.072;0.5
50.89;6.451;0.5
49.011;6.83;0.5
47.132;7.209;0.5
45.051;7.495;0.2
44.83;7.47;0.2
44.612;7.515;0.2
44.418;7.626;0.2
44.269;7.791;0.2
44.73;9.957;0.5
45.19;12.122;0.5
45.65;14.287;0.5
46.111;16.452;0.5
46.486;18.801;0.2
46.457;19.001;0.2
46.486;19.201;0.2
46.57;19.385;0.2
46.703;19.538;0.2
48.41;19.41;0.5
50.116;19.281;0.5
51.822;19.153;0.5
53.529;19.024;0.5
55.429;19.015;0.2
55.651;19.066;0.2
55.877;19.044;0.2
56.084;18.951;0.2
56.252;18.797;0.2
55.964;16.382;0.5
55.676;13.966;0.5
55.388;11.551;0.5
55.1;9.135;0.5
55.043;6.823;0.2
54.969;6.7;0.2
54.857;6.6;0.2
54.732;6.516;0.2
54.609;6.447;0.2
54.505;6.393;0.2
52.632;6.406;0.5
50.877;6.76;0.5
49.121;7.114;0.5
47.366;7.468;0.5
45.407;7.729;0.2
45.186;7.704;0.2
44.968;7.75;0.2
44.775;7.86;0.2
44.626;8.026;0.2
45.063;10.08;0.5
45.499;12.135;0.5
45.936;14.189;0.5
46.373;16.244;0.5
46.725;18.482;0.2
46.696;18.682;0.2
46.725;18.883;0.2
46.809;19.067;0.2
46.942;19.219;0.2
48.534;19.099;0.5
50.125;18.98;0.5
51.717;18.86;0.5
53.309;18.74;0.5
55.094;18.739;0.2
55.316;18.79;0.2
55.542;18.768;0.2
55.749;18.675;0.2
55.917;18.522;0.2
55.644;16.233;0.5
55.371;13.944;0.5
55.098;11.655;0.5
54.825;9.367;0.5
54.783;7.181;0.2
54.71;7.058;0.2
54.598;6.959;0.2
54.472;6.875;0.2
54.35;6.806;0.2
54.246;6.752;0.2
52.496;6.739;0.5
50.864;7.068;0.5
49.231;7.398;0.5
47.599;7.727;0.5
45.764;7.963;0.2
45.543;7.938;0.2
45.325;7.984;0.2
45.131;8.094;0.2
44.982;8.26;0.2
45.395;10.204;0.5
45.809;12.148;0.5
46.222;14.091;0.5
46.636;16.035;0.5
46.964;18.163;0.2
46.935;18.363;0.2
46.964;18.564;0.2
47.048;18.748;0.2
47.181;18.9;0.2
48.658;18.789;0.5
50.135;18.678;0.5
51.611;18.567;0.5
53.088;18.456;0.5
54.759;18.463;0.2
54.981;18.514;0.2
55.207;18.492;0.2
55.414;18.4;0.2
55.582;18.246;0.2
55.324;16.084;0.5
55.066;13.922;0.5
54.809;11.76;0.5
54.551;9.598;0.5
54.524;7.539;0.2
54.451;7.417;0.2
54.339;7.317;0.2
54.213;7.233;0.2
54.09;7.164;0.2
53.986;7.11;0.2
52.36;7.073;0.5
50.851;7.377;0.5
49.342;7.681;0.5
47.832;7.986;0.5
46.12;8.198;0.2
45.899;8.173;0.2
45.681;8.218;0.2
45.488;8.329;0.2
45.339;8.494;0.2
45.728;10.327;0.5
46.118;12.161;0.5
46.508;13.994;0.5
46.898;15.827;0.5
47.203;17.844;0.2
47.174;18.045;0.2
47.203;18.245;0.2
47.287;18.429;0.2
47.42;18.582;0.2
48.782;18.479;0.5
50.144;18.377;0.5
51.506;18.274;0.5
52.868;18.172;0.5
54.424;18.188;0.2
54.646;18.239;0.2
54.872;18.217;0.2
55.079;18.124;0.2
55.247;17.97;0.2
55.004;15.935;0.5
54.762;13.9;0.5
54.519;11.865;0.5
54.276;9.83;0.5
54.265;7.898;0.2
54.191;7.775;0.2
54.079;7.675;0.2
53.953;7.592;0.2
53.831;7.522;0.2
53.727;7.468;0.2
52.224;7.406;0.5
50.838;7.686;0.5
49.452;7.965;0.5
48.066;8.245;0.5
46.477;8.432;0.2
46.256;8.407;0.2
46.038;8.452;0.2
45.844;8.563;0.2
45.695;8.728;0.2
46.061;10.451;0.5
46.428;12.174;0.5
46.794;13.896;0.5
47.16;15.619;0.5
47.442;17.525;0.2
47.413;17.726;0.2
47.441;17.926;0.2
47.526;18.11;0.2
47.659;18.263;0.2
48.906;18.169;0.5
50.153;18.075;0.5
51.401;17.981;0.5
52.648;17.887;0.5
54.089;17.912;0.2
54.311;17.963;0.2
54.537;17.941;0.2
54.744;17.848;0.2
54.912;17.695;0.2
54.684;15.786;0.5
54.457;13.878;0.5
54.229;11.97;0.5
54.002;10.061;0.5
54.005;8.256;0.2
53.932;8.133;0.2
53.82;8.034;0.2
53.694;7.95;0.2
53.572;7.881;0.2
53.467;7.827;0.2
52.088;7.74;0.5
50.825;7.994;0.5
49.562;8.249;0.5
48.299;8.504;0.5
46.833;8.666;0.2
46.612;8.641;0.2
46.394;8.686;0.2
46.201;8.797;0.2
46.052;8.962;0.2
46.394;10.574;0.5
46.737;12.186;0.5
47.08;13.799;0.5
47.423;15.411;0.5
47.681;17.207;0.2
47.652;17.407;0.2
47.68;17.607;0.2
47.765;17.791;0.2
47.898;17.944;0.2
49.03;17.859;0.5
50.163;17.774;0.5
51.295;17.688;0.5
52.428;17.603;0.5
53.754;17.636;0.2
53.976;17.687;0.2
54.202;17.665;0.2
54.409;17.573;0.2
54.577;17.419;0.2
54.365;15.637;0.5
54.152;13.856;0.5
53.94;12.074;0.5
53.727;10.293;0.5
53.746;8.614;0.2
53.672;8.492;0.2
53.56;8.392;0.2
53.435;8.308;0.2
53.312;8.239;0.2
53.208;8.185;0.2
51.951;8.073;0.5
50.812;8.303;0.5
49.672;8.533;0.5
48.532;8.763;0.5
47.19;8.9;0.2
46.969;8.875;0.2
46.751;8.92;0.2
46.557;9.031;0.2
46.408;9.196;0.2
46.727;10.698;0.5
47.047;12.199;0.5
47.366;13.701;0.5
47.685;15.202;0.5
47.92;16.888;0.2
47.891;17.088;0.2
47.919;17.288;0.2
48.004;17.473;0.2
48.137;17.625;0.2
49.154;17.549;0.5
50.172;17.472;0.5
51.19;17.395;0.5
52.207;17.319;0.5
53.419;17.361;0.2
53.641;17.412;0.2
53.867;17.39;0.2
54.075;17.297;0.2
54.242;17.143;0.2
54.045;15.489;0.5
53.847;13.834;0.5
53.65;12.179;0.5
53.453;10.524;0.5
53.486;8.973;0.2
53.413;8.85;0.2
53.301;8.75;0.2
53.175;8.667;0.2
53.053;8.597;0.2
52.949;8.543;0.2
51.815;8.407;0.5
50.799;8.612;0.5
49.782;8.817;0.5
48.766;9.022;0.5
47.546;9.134;0.2
47.325;9.109;0.2
47.107;9.154;0.2
46.914;9.265;0.2
46.765;9.431;0.2
47.06;10.821;0.5
47.356;12.212;0.5
47.652;13.603;0.5
47.948;14.994;0.5
48.159;16.569;0.2
48.129;16.769;0.2
48.158;16.97;0.2
48.243;17.154;0.2
48.376;17.306;0.2
49.278;17.238;0.5
50.181;17.17;0.5
51.084;17.102;0.5
51.987;17.035;0.5
53.084;17.085;0.2
53.306;17.136;0.2
53.532;17.114;0.2
53.74;17.021;0.2
53.907;16.868;0.2
53.725;15.34;0.5
53.543;13.812;0.5
53.36;12.284;0.5
53.178;10.756;0.5
53.227;9.331;0.2
53.154;9.208;0.2
53.042;9.109;0.2
52.916;9.025;0.2
52.793;8.956;0.2
52.689;8.902;0.2
51.679;8.74;0.5
50.786;8.92;0.5
49.892;9.101;0.5
48.999;9.281;0.5
47.903;9.368;0.2
47.682;9.343;0.2
47.464;9.389;0.2
47.27;9.499;0.2
47.121;9.665;0.2
47.393;10.945;0.5
47.666;12.225;0.5
47.938;13.506;0.5
48.21;14.786;0.5
48.398;16.25;0.2
48.368;16.45;0.2
48.397;16.651;0.2
48.481;16.835;0.2
48.614;16.987;0.2
49.403;16.928;0.5
50.191;16.869;0.5
50.979;16.81;0.5
51.767;16.75;0.5
52.749;16.81;0.2
52.971;16.86;0.2
53.197;16.838;0.2
53.405;16.746;0.2
53.572;16.592;0.2
53.405;15.191;0.5
53.238;13.79;0.5
53.071;12.389;0.5
52.904;10.988;0.5
52.968;9.689;0.2
52.894;9.567;0.2
52.782;9.467;0.2
52.656;9.383;0.2
52.534;9.314;0.2
52.43;9.26;0.2
51.543;9.074;0.5
50.773;9.229;0.5
50.002;9.384;0.5
49.232;9.54;0.5
48.259;9.602;0.2
48.038;9.578;0.2
47.82;9.623;0.2
47.627;9.734;0.2
47.478;9.899;0.2
47.726;11.069;0.5
47.975;12.238;0.5
48.224;13.408;0.5
48.473;14.578;0.5
48.637;15.931;0.2
48.607;16.132;0.2
48.636;16.332;0.2
48.72;16.516;0.2
48.853;16.669;0.2
49.527;16.618;0.5
50.2;16.567;0.5
50.873;16.517;0.5
51.547;16.466;0.5
52.414;16.534;0.2
52.636;16.585;0.2
52.862;16.563;0.2
53.07;16.47;0.2
53.237;16.316;0.2
53.085;15.042;0.5
52.933;13.768;0.5
52.781;12.493;0.5
52.629;11.219;0.5
52.708;10.048;0.2
52.635;9.925;0.2
52.523;9.825;0.2
52.397;9.742;0.2
52.275;9.672;0.2
52.17;9.618;0.2
51.407;9.407;0.5
50.76;9.538;0.5
50.113;9.668;0.5
49.466;9.799;0.5
48.616;9.837;0.2
48.395;9.812;0.2
48.177;9.857;0.2
47.983;9.968;0.2
47.834;10.133;0.2
48.059;11.192;0.5
48.285;12.251;0.5
48.51;13.31;0.5
48.735;14.37;0.5
48.875;15.612;0.2
48.846;15.813;0.2
48.875;16.013;0.2
48.959;16.197;0.2
49.092;16.35;0.2
49.651;16.308;0.5
50.209;16.266;0.5
50.768;16.224;0.5
51.327;16.182;0.5
52.079;16.258;0.2
52.301;16.309;0.2
52.527;16.287;0.2
52.735;16.195;0.2
52.902;16.041;0.2
52.765;14.893;0.5
52.628;13.746;0.5
52.492;12.598;0.5
52.355;11.451;0.5
52.449;10.406;0.2
52.375;10.283;0.2
52.264;10.184;0.2
52.138;10.1;0.2
52.015;10.031;0.2
51.911;9.977;0.2
51.27;9.741;0.5
50.746;9.846;0.5
50.223;9.952;0.5
49.699;10.058;0.5
48.972;10.071;0.2
48.751;10.046;0.2
48.533;10.091;0.2
48.34;10.202;0.2
48.191;10.367;0.2
48.392;11.316;0.5
48.594;12.264;0.5
48.796;13.213;0.5
48.997;14.161;0.5
49.114;15.294;0.2
49.085;15.494;0.2
49.114;15.694;0.2
49.198;15.878;0.2
49.331;16.031;0.2
49.775;15.998;0.5
50.219;15.964;0.5
50.663;15.931;0.5
51.744;15.983;0.2
51.966;16.034;0.2
52.192;16.012;0.2
52.4;15.919;0.2
52.567;15.765;0.2
52.445;14.744;0.5
52.324;13.724;0.5
52.202;12.703;0.5
52.08;11.682;0.5
52.189;10.764;0.2
52.116;10.642;0.2
52.004;10.542;0.2
51.878;10.458;0.2
51.756;10.389;0.2
51.652;10.335;0.2
51.134;10.074;0.5
50.733;10.155;0.5
50.333;10.236;0.5
49.329;10.305;0.2
49.108;10.28;0.2
48.89;10.325;0.2
48.696;10.436;0.2
48.547;10.601;0.2
48.725;11.439;0.5
48.904;12.277;0.5
49.082;13.115;0.5
49.26;13.953;0.5
49.353;14.975;0.2
49.324;15.175;0.2
49.353;15.376;0.2
49.437;15.56;0.2
49.57;15.712;0.2
49.899;15.687;0.5
50.228;15.663;0.5
50.557;15.638;0.5
51.409;15.707;0.2
51.631;15.758;0.2
51.857;15.736;0.2
52.065;15.643;0.2
52.232;15.49;0.2
52.125;14.596;0.5
52.019;13.702;0.5
51.912;12.808;0.5
51.806;11.914;0.5
51.93;11.123;0.2
51.857;11;0.2
51.745;10.9;0.2
51.619;10.817;0.2
51.496;10.747;0.2
51.392;10.693;0.2
50.998;10.408;0.5
50.72;10.464;0.5
50.443;10.52;0.5
49.685;10.539;0.2
49.464;10.514;0.2
49.246;10.559;0.2
49.053;10.67;0.2
48.904;10.836;0.2
49.058;11.563;0.5
49.213;12.29;0.5
49.368;13.018;0.5
49.522;13.745;0.5
49.592;14.656;0.2
49.563;14.856;0.2
49.592;15.057;0.2
49.676;15.241;0.2
49.809;15.393;0.2
50.023;15.377;0.5
50.237;15.361;0.5
51.074;15.431;0.2
51.296;15.482;0.2
51.522;15.46;0.2
51.73;15.368;0.2
51.897;15.214;0.2
51.806;14.447;0.5
51.714;13.68;0.5
51.623;12.912;0.5
51.531;12.145;0.5
51.671;11.481;0.2
51.597;11.358;0.2
51.485;11.259;0.2
51.359;11.175;0.2
51.237;11.106;0.2
51.133;11.052;0.2
50.862;10.741;0.5
50.707;10.772;0.5
50.042;10.773;0.2
49.821;10.748;0.2
49.603;10.794;0.2
49.409;10.904;0.2
49.26;11.07;0.2
49.391;11.686;0.5
49.522;12.303;0.5
49.654;12.92;0.5
49.785;13.537;0.5
49.831;14.337;0.2
49.802;14.537;0.2
49.831;14.738;0.2
49.915;14.922;0.2
50.048;15.075;0.2
50.147;15.067;0.5
50.247;15.06;0.5
50.346;15.052;0.5
50.446;15.045;0.5
50.739;15.156;0.2
50.961;15.207;0.2
51.187;15.185;0.2
51.395;15.092;0.2
51.562;14.938;0.2
51.486;14.298;0.5
51.409;13.658;0.5
51.333;13.017;0.5
51.257;12.377;0.5
49.215;11.951;0.5
49.634;11.951;0.5
50.052;11.951;0.5
50.471;11.951;0.5
50.889;11.951;0.5
51.308;11.951;0.5
51.455;11.999;0.2
51.546;12.124;0.2
51.546;12.279;0.2
51.455;12.404;0.2
51.308;12.451;0.2
50.489;12.451;0.5
50.171;12.451;0.5
49.852;12.451;0.5
49.534;12.451;0.5
49.215;12.451;0.5
49.068;12.499;0.2
48.977;12.624;0.2
48.977;12.779;0.2
49.068;12.904;0.2
49.215;12.951;0.2
49.634;12.951;0.5
50.052;12.951;0.5
50.471;12.951;0.5
50.889;12.951;0.5
51.308;12.951;0.5
51.455;12.999;0.2
51.546;13.124;0.2
51.546;13.279;0.2
51.455;13.404;0.2
51.308;13.451;0.2
50.489;13.451;0.5
50.171;13.451;0.5
49.852;13.451;0.5
49.534;13.451;0.5
49.215;13.451;0.5
49.068;13.499;0.2
48.977;13.624;0.2
48.977;13.779;0.2
49.068;13.904;0.2
49.215;13.951;0.2
49.634;13.951;0.5
50.052;13.951;0.5
50.471;13.951;0.5
50.889;13.951;0.5
51.308;13.951;0.5
51.455;13.999;0.2
51.546;14.124;0.2
51.546;14.279;0.2
51.455;14.404;0.2
51.308;14.451;0.2
50.489;14.451;0.5
50.171;14.451;0.5
49.852;14.451;0.5
49.534;14.451;0.5
49.215;14.451;0.5
49.068;14.499;0.2
48.977;14.624;0.2
48.977;14.779;0.2
49.068;14.904;0.2
49.215;14.951;0.2
49.634;14.951;0.5
50.052;14.951;0.5
50.471;14.951;0.5
50.889;14.951;0.5
51.308;14.951;0.5

