P0;33.286200;31.159600;0.200000
P1;45.370150;35.545346;0.200000
P2;45.571386;35.606047;0.200000
P3;45.781576;35.604912;0.200000
P4;45.982145;35.542040;0.200000
P5;46.155372;35.422988;0.200000
P6;46.285949;35.258274;0.200000
P7;46.024742;34.292992;0.500000
P8;45.763535;33.327709;0.500000
P9;45.502327;32.362426;0.500000
P10;45.241120;31.397143;0.500000
P11;44.979913;30.431861;0.500000
P12;44.718706;29.466578;0.500000
P13;44.457499;28.501295;0.500000
P14;44.196291;27.536012;0.500000
P15;43.935084;26.570729;0.500000
P16;46.285949;35.258274;0.200000
P17;43.755727;25.498232;0.200000
P18;43.781893;25.326115;0.200000
P19;43.765213;25.152820;0.200000
P20;43.706696;24.988854;0.200000
P21;43.609890;24.844155;0.200000
P22;42.612506;24.771865;0.500000
P23;41.615123;24.699575;0.500000
P24;40.617739;24.627285;0.500000
P25;39.620355;24.554995;0.500000
P26;38.622972;24.482706;0.500000
P27;37.625588;24.410416;0.500000
P28;36.628204;24.338126;0.500000
P29;35.630821;24.265836;0.500000
P30;34.633437;24.193546;0.500000
P31;33.636053;24.121256;0.500000
P32;32.638670;24.048966;0.500000
P33;31.641286;23.976676;0.500000
P34;30.643902;23.904386;0.500000
P35;29.646519;23.832096;0.500000
P36;28.649135;23.759807;0.500000
P37;43.609890;24.844155;0.200000
P38;27.317632;23.587851;0.200000
P39;27.222265;23.521118;0.200000
P40;27.117242;23.470934;0.200000
P41;27.005410;23.438659;0.200000
P42;26.889798;23.425168;0.200000
P43;26.159219;24.107996;0.500000
P44;25.428639;24.790824;0.500000
P45;24.698060;25.473652;0.500000
P46;23.967481;26.156480;0.500000
P47;23.236902;26.839308;0.500000
P48;22.506323;27.522136;0.500000
P49;21.775743;28.204964;0.500000
P50;21.045164;28.887792;0.500000
P51;20.314585;29.570620;0.500000
P52;19.584006;30.253448;0.500000
P53;26.889798;23.425168;0.200000
P54;18.373678;31.181662;0.200000
P55;18.146173;31.314445;0.200000
P56;17.983054;31.521284;0.200000
P57;17.906960;31.773475;0.200000
P58;17.928451;32.036017;0.200000
P59;18.798072;32.529737;0.500000
P60;19.667693;33.023457;0.500000
P61;20.537314;33.517177;0.500000
P62;21.406935;34.010897;0.500000
P63;22.276555;34.504617;0.500000
P64;23.146176;34.998338;0.500000
P65;24.015797;35.492058;0.500000
P66;24.885418;35.985778;0.500000
P67;25.755039;36.479498;0.500000
P68;26.624659;36.973219;0.500000
P69;27.494280;37.466939;0.500000
P70;28.363901;37.960659;0.500000
P71;29.233522;38.454379;0.500000
P72;30.103143;38.948099;0.500000
P73;30.972764;39.441820;0.500000
P74;17.928451;32.036016;0.200000
P75;31.731137;39.962267;0.200000
P76;31.792196;40.067217;0.200000
P77;31.870308;40.160173;0.200000
P78;31.963172;40.238396;0.200000
P79;32.068050;40.299578;0.200000
P80;33.009713;39.963023;0.500000
P81;33.951377;39.626468;0.500000
P82;34.893041;39.289913;0.500000
P83;35.834705;38.953358;0.500000
P84;36.776369;38.616803;0.500000
P85;37.718032;38.280248;0.500000
P86;38.659696;37.943693;0.500000
P87;39.601360;37.607138;0.500000
P88;40.543024;37.270583;0.500000
P89;41.484688;36.934028;0.500000
P90;42.426351;36.597473;0.500000
P91;43.368015;36.260918;0.500000
P92;44.309679;35.924363;0.500000
P93;32.068050;40.299578;0.200000
P94;45.298660;35.785468;0.200000
P95;45.405412;35.696624;0.200000
P96;45.485897;35.576078;0.200000
P97;45.549402;35.445156;0.200000
P98;45.599428;35.319629;0.200000
P99;45.637183;35.213616;0.200000
P100;45.662752;34.103783;0.500000
P101;45.401545;33.138501;0.500000
P102;45.140338;32.173218;0.500000
P103;44.879130;31.207935;0.500000
P104;44.617923;30.242652;0.500000
P105;44.356716;29.277370;0.500000
P106;44.095509;28.312087;0.500000
P107;43.834302;27.346804;0.500000
P108;45.923959;35.069066;0.200000
P109;43.521741;25.782060;0.200000
P110;43.547908;25.609942;0.200000
P111;43.531227;25.436648;0.200000
P112;43.472711;25.272682;0.200000
P113;43.375904;25.127983;0.200000
P114;42.378521;25.055693;0.500000
P115;41.381137;24.983403;0.500000
P116;40.383753;24.911113;0.500000
P117;39.386370;24.838823;0.500000
P118;38.388986;24.766533;0.500000
P119;37.391603;24.694243;0.500000
P120;36.394219;24.621954;0.500000
P121;35.396835;24.549664;0.500000
P122;34.399452;24.477374;0.500000
P123;33.402068;24.405084;0.500000
P124;32.404684;24.332794;0.500000
P125;31.407301;24.260504;0.500000
P126;30.409917;24.188214;0.500000
P127;29.412533;24.115924;0.500000
P128;28.415150;24.043634;0.500000
P129;43.375904;25.127983;0.200000
P130;27.426701;23.896543;0.200000
P131;27.331334;23.829810;0.200000
P132;27.226312;23.779627;0.200000
P133;27.114480;23.747352;0.200000
P134;26.998868;23.733860;0.200000
P135;26.268288;24.416688;0.500000
P136;25.537709;25.099516;0.500000
P137;24.807130;25.782344;0.500000
P138;24.076551;26.465172;0.500000
P139;23.345971;27.148000;0.500000
P140;22.615392;27.830828;0.500000
P141;21.884813;28.513656;0.500000
P142;21.154234;29.196484;0.500000
P143;20.423655;29.879312;0.500000
P144;19.693075;30.562140;0.500000
P145;26.998868;23.733860;0.200000
P146;18.876621;31.122226;0.200000
P147;18.649115;31.255009;0.200000
P148;18.485997;31.461848;0.200000
P149;18.409903;31.714038;0.200000
P150;18.431394;31.976580;0.200000
P151;19.301014;32.470300;0.500000
P152;20.170635;32.964020;0.500000
P153;21.040256;33.457741;0.500000
P154;21.909877;33.951461;0.500000
P155;22.779498;34.445181;0.500000
P156;23.649119;34.938901;0.500000
P157;24.518739;35.432621;0.500000
P158;25.388360;35.926342;0.500000
P159;26.257981;36.420062;0.500000
P160;27.127602;36.913782;0.500000
P161;27.997223;37.407502;0.500000
P162;28.866843;37.901222;0.500000
P163;29.736464;38.394943;0.500000
P164;30.606085;38.888663;0.500000
P165;18.431394;31.976580;0.200000
P166;31.759666;39.633486;0.200000
P167;31.820724;39.738435;0.200000
P168;31.898837;39.831392;0.200000
P169;31.991701;39.909615;0.200000
P170;32.096578;39.970797;0.200000
P171;33.038242;39.634242;0.500000
P172;33.979906;39.297687;0.500000
P173;34.921569;38.961132;0.500000
P174;35.863233;38.624577;0.500000
P175;36.804897;38.288022;0.500000
P176;37.746561;37.951467;0.500000
P177;38.688225;37.614912;0.500000
P178;39.629888;37.278357;0.500000
P179;40.571552;36.941802;0.500000
P180;41.513216;36.605247;0.500000
P181;42.454880;36.268692;0.500000
P182;43.396544;35.932137;0.500000
P183;44.338207;35.595582;0.500000
P184;32.096578;39.970797;0.200000
P185;44.936672;35.596262;0.200000
P186;45.043424;35.507418;0.200000
P187;45.123909;35.386867;0.200000
P188;45.187415;35.255950;0.200000
P189;45.237441;35.130423;0.200000
P190;45.275197;35.024405;0.200000
P191;45.300762;33.914575;0.500000
P192;45.039555;32.949292;0.500000
P193;44.778348;31.984010;0.500000
P194;44.517140;31.018727;0.500000
P195;44.255933;30.053444;0.500000
P196;43.994726;29.088161;0.500000
P197;43.733519;28.122879;0.500000
P198;43.472312;27.157596;0.500000
P199;45.561969;34.879858;0.200000
P200;43.287756;26.065888;0.200000
P201;43.313922;25.893770;0.200000
P202;43.297242;25.720476;0.200000
P203;43.238725;25.556510;0.200000
P204;43.141919;25.411811;0.200000
P205;42.144535;25.339521;0.500000
P206;41.147152;25.267231;0.500000
P207;40.149768;25.194941;0.500000
P208;39.152384;25.122651;0.500000
P209;38.155001;25.050361;0.500000
P210;37.157617;24.978071;0.500000
P211;36.160233;24.905781;0.500000
P212;35.162850;24.833491;0.500000
P213;34.165466;24.761202;0.500000
P214;33.168082;24.688912;0.500000
P215;32.170699;24.616622;0.500000
P216;31.173315;24.544332;0.500000
P217;30.175931;24.472042;0.500000
P218;29.178548;24.399752;0.500000
P219;28.181164;24.327462;0.500000
P220;43.141919;25.411811;0.200000
P221;27.535771;24.205236;0.200000
P222;27.440404;24.138503;0.200000
P223;27.335382;24.088319;0.200000
P224;27.223549;24.056044;0.200000
P225;27.107937;24.042553;0.200000
P226;26.377358;24.725381;0.500000
P227;25.646779;25.408209;0.500000
P228;24.916200;26.091037;0.500000
P229;24.185620;26.773864;0.500000
P230;23.455041;27.456692;0.500000
P231;22.724462;28.139520;0.500000
P232;21.993883;28.822348;0.500000
P233;21.263304;29.505176;0.500000
P234;20.532724;30.188004;0.500000
P235;27.107937;24.042553;0.200000
P236;19.379563;31.062789;0.200000
P237;19.152057;31.195572;0.200000
P238;18.988939;31.402411;0.200000
P239;18.912845;31.654602;0.200000
P240;18.934336;31.917144;0.200000
P241;19.803957;32.410864;0.500000
P242;20.673578;32.904584;0.500000
P243;21.543198;33.398304;0.500000
P244;22.412819;33.892024;0.500000
P245;23.282440;34.385744;0.500000
P246;24.152061;34.879465;0.500000
P247;25.021682;35.373185;0.500000
P248;25.891302;35.866905;0.500000
P249;26.760923;36.360625;0.500000
P250;27.630544;36.854346;0.500000
P251;28.500165;37.348066;0.500000
P252;29.369786;37.841786;0.500000
P253;30.239407;38.335506;0.500000
P254;31.109027;38.829226;0.500000
P255;18.934336;31.917143;0.200000
P256;31.788194;39.304705;0.200000
P257;31.849252;39.409654;0.200000
P258;31.927365;39.502611;0.200000
P259;32.020229;39.580833;0.200000
P260;32.125106;39.642016;0.200000
P261;33.066770;39.305461;0.500000
P262;34.008434;38.968906;0.500000
P263;34.950098;38.632351;0.500000
P264;35.891761;38.295796;0.500000
P265;36.833425;37.959241;0.500000
P266;37.775089;37.622686;0.500000
P267;38.716753;37.286131;0.500000
P268;39.658417;36.949576;0.500000
P269;40.600080;36.613021;0.500000
P270;41.541744;36.276466;0.500000
P271;42.483408;35.939911;0.500000
P272;43.425072;35.603356;0.500000
P273;32.125106;39.642016;0.200000
P274;44.574685;35.407051;0.200000
P275;44.681437;35.318207;0.200000
P276;44.761922;35.197661;0.200000
P277;44.825428;35.066739;0.200000
P278;44.875450;34.941212;0.200000
P279;44.913209;34.835198;0.200000
P280;44.938772;33.725367;0.500000
P281;44.677565;32.760084;0.500000
P282;44.416358;31.794801;0.500000
P283;44.155151;30.829519;0.500000
P284;43.893943;29.864236;0.500000
P285;43.632736;28.898953;0.500000
P286;43.371529;27.933670;0.500000
P287;45.199979;34.690650;0.200000
P288;43.053770;26.349716;0.200000
P289;43.079937;26.177598;0.200000
P290;43.063256;26.004304;0.200000
P291;43.004740;25.840337;0.200000
P292;42.907933;25.695638;0.200000
P293;41.910550;25.623349;0.500000
P294;40.913166;25.551059;0.500000
P295;39.915783;25.478769;0.500000
P296;38.918399;25.406479;0.500000
P297;37.921015;25.334189;0.500000
P298;36.923632;25.261899;0.500000
P299;35.926248;25.189609;0.500000
P300;34.928864;25.117319;0.500000
P301;33.931481;25.045029;0.500000
P302;32.934097;24.972739;0.500000
P303;31.936713;24.900450;0.500000
P304;30.939330;24.828160;0.500000
P305;29.941946;24.755870;0.500000
P306;28.944562;24.683580;0.500000
P307;42.907934;25.695638;0.200000
P308;27.644841;24.513928;0.200000
P309;27.549474;24.447195;0.200000
P310;27.444451;24.397011;0.200000
P311;27.332619;24.364736;0.200000
P312;27.217007;24.351245;0.200000
P313;26.486428;25.034073;0.500000
P314;25.755849;25.716901;0.500000
P315;25.025269;26.399729;0.500000
P316;24.294690;27.082557;0.500000
P317;23.564111;27.765385;0.500000
P318;22.833532;28.448213;0.500000
P319;22.102952;29.131041;0.500000
P320;21.372373;29.813869;0.500000
P321;20.641794;30.496697;0.500000
P322;27.217007;24.351245;0.200000
P323;19.882505;31.003353;0.200000
P324;19.655000;31.136136;0.200000
P325;19.491881;31.342975;0.200000
P326;19.415787;31.595165;0.200000
P327;19.437278;31.857707;0.200000
P328;20.306899;32.351427;0.500000
P329;21.176520;32.845147;0.500000
P330;22.046141;33.338868;0.500000
P331;22.915762;33.832588;0.500000
P332;23.785382;34.326308;0.500000
P333;24.655003;34.820028;0.500000
P334;25.524624;35.313748;0.500000
P335;26.394245;35.807469;0.500000
P336;27.263866;36.301189;0.500000
P337;28.133486;36.794909;0.500000
P338;29.003107;37.288629;0.500000
P339;29.872728;37.782349;0.500000
P340;30.742349;38.276070;0.500000
P341;19.437278;31.857707;0.200000
P342;31.816722;38.975924;0.200000
P343;31.877781;39.080873;0.200000
P344;31.955893;39.173830;0.200000
P345;32.048757;39.252052;0.200000
P346;32.153635;39.313235;0.200000
P347;33.095298;38.976680;0.500000
P348;34.036962;38.640125;0.500000
P349;34.978626;38.303570;0.500000
P350;35.920290;37.967015;0.500000
P351;36.861954;37.630460;0.500000
P352;37.803617;37.293905;0.500000
P353;38.745281;36.957350;0.500000
P354;39.686945;36.620795;0.500000
P355;40.628609;36.284240;0.500000
P356;41.570273;35.947684;0.500000
P357;42.511936;35.611129;0.500000
P358;43.453600;35.274574;0.500000
P359;32.153635;39.313235;0.200000
P360;44.212691;35.217843;0.200000
P361;44.319443;35.129000;0.200000
P362;44.399928;35.008453;0.200000
P363;44.463434;34.877532;0.200000
P364;44.513460;34.752005;0.200000
P365;44.551216;34.645991;0.200000
P366;44.576782;33.536159;0.500000
P367;44.315575;32.570876;0.500000
P368;44.054368;31.605593;0.500000
P369;43.793161;30.640310;0.500000
P370;43.531954;29.675028;0.500000
P371;43.270746;28.709745;0.500000
P372;43.009539;27.744462;0.500000
P373;44.837990;34.501441;0.200000
P374;42.819785;26.633544;0.200000
P375;42.845952;26.461426;0.200000
P376;42.829271;26.288131;0.200000
P377;42.770754;26.124165;0.200000
P378;42.673948;25.979466;0.200000
P379;41.676564;25.907176;0.500000
P380;40.679181;25.834886;0.500000
P381;39.681797;25.762597;0.500000
P382;38.684413;25.690307;0.500000
P383;37.687030;25.618017;0.500000
P384;36.689646;25.545727;0.500000
P385;35.692262;25.473437;0.500000
P386;34.694879;25.401147;0.500000
P387;33.697495;25.328857;0.500000
P388;32.700111;25.256567;0.500000
P389;31.702728;25.184277;0.500000
P390;30.705344;25.111987;0.500000
P391;29.707960;25.039698;0.500000
P392;28.710577;24.967408;0.500000
P393;42.673948;25.979466;0.200000
P394;27.753910;24.822620;0.200000
P395;27.658543;24.755887;0.200000
P396;27.553521;24.705703;0.200000
P397;27.441689;24.673429;0.200000
P398;27.326077;24.659937;0.200000
P399;26.595497;25.342765;0.500000
P400;25.864918;26.025593;0.500000
P401;25.134339;26.708421;0.500000
P402;24.403760;27.391249;0.500000
P403;23.673181;28.074077;0.500000
P404;22.942601;28.756905;0.500000
P405;22.212022;29.439733;0.500000
P406;21.481443;30.122561;0.500000
P407;27.326077;24.659937;0.200000
P408;20.385447;30.943916;0.200000
P409;20.157942;31.076699;0.200000
P410;19.994823;31.283538;0.200000
P411;19.918730;31.535729;0.200000
P412;19.940221;31.798271;0.200000
P413;20.809841;32.291991;0.500000
P414;21.679462;32.785711;0.500000
P415;22.549083;33.279431;0.500000
P416;23.418704;33.773151;0.500000
P417;24.288325;34.266871;0.500000
P418;25.157945;34.760592;0.500000
P419;26.027566;35.254312;0.500000
P420;26.897187;35.748032;0.500000
P421;27.766808;36.241752;0.500000
P422;28.636429;36.735473;0.500000
P423;29.506050;37.229193;0.500000
P424;30.375670;37.722913;0.500000
P425;31.245291;38.216633;0.500000
P426;19.940221;31.798270;0.200000
P427;31.845251;38.647142;0.200000
P428;31.906309;38.752092;0.200000
P429;31.984422;38.845048;0.200000
P430;32.077286;38.923271;0.200000
P431;32.182163;38.984454;0.200000
P432;33.123827;38.647898;0.500000
P433;34.065491;38.311343;0.500000
P434;35.007154;37.974788;0.500000
P435;35.948818;37.638233;0.500000
P436;36.890482;37.301678;0.500000
P437;37.832146;36.965123;0.500000
P438;38.773810;36.628568;0.500000
P439;39.715473;36.292013;0.500000
P440;40.657137;35.955458;0.500000
P441;41.598801;35.618903;0.500000
P442;42.540465;35.282348;0.500000
P443;32.182163;38.984454;0.200000
P444;43.850704;35.028637;0.200000
P445;43.957457;34.939793;0.200000
P446;44.037941;34.819247;0.200000
P447;44.101447;34.688325;0.200000
P448;44.151469;34.562798;0.200000
P449;44.189228;34.456784;0.200000
P450;44.214793;33.346950;0.500000
P451;43.953585;32.381668;0.500000
P452;43.692378;31.416385;0.500000
P453;43.431171;30.451102;0.500000
P454;43.169964;29.485819;0.500000
P455;42.908757;28.520537;0.500000
P456;44.476000;34.312233;0.200000
P457;42.585799;26.917371;0.200000
P458;42.611966;26.745254;0.200000
P459;42.595285;26.571959;0.200000
P460;42.536769;26.407993;0.200000
P461;42.439963;26.263294;0.200000
P462;41.442579;26.191004;0.500000
P463;40.445195;26.118714;0.500000
P464;39.447812;26.046424;0.500000
P465;38.450428;25.974134;0.500000
P466;37.453044;25.901845;0.500000
P467;36.455661;25.829555;0.500000
P468;35.458277;25.757265;0.500000
P469;34.460893;25.684975;0.500000
P470;33.463510;25.612685;0.500000
P471;32.466126;25.540395;0.500000
P472;31.468742;25.468105;0.500000
P473;30.471359;25.395815;0.500000
P474;29.473975;25.323525;0.500000
P475;28.476591;25.251235;0.500000
P476;42.439963;26.263294;0.200000
P477;27.862980;25.131312;0.200000
P478;27.767613;25.064579;0.200000
P479;27.662591;25.014396;0.200000
P480;27.550758;24.982121;0.200000
P481;27.435146;24.968630;0.200000
P482;26.704567;25.651457;0.500000
P483;25.973988;26.334285;0.500000
P484;25.243409;27.017113;0.500000
P485;24.512829;27.699941;0.500000
P486;23.782250;28.382769;0.500000
P487;23.051671;29.065597;0.500000
P488;22.321092;29.748425;0.500000
P489;21.590513;30.431253;0.500000
P490;27.435146;24.968630;0.200000
P491;20.888390;30.884480;0.200000
P492;20.660884;31.017263;0.200000
P493;20.497766;31.224102;0.200000
P494;20.421672;31.476292;0.200000
P495;20.443163;31.738834;0.200000
P496;21.312784;32.232554;0.500000
P497;22.182405;32.726274;0.500000
P498;23.052025;33.219995;0.500000
P499;23.921646;33.713715;0.500000
P500;24.791267;34.207435;0.500000
P501;25.660888;34.701155;0.500000
P502;26.530509;35.194875;0.500000
P503;27.400129;35.688596;0.500000
P504;28.269750;36.182316;0.500000
P505;29.139371;36.676036;0.500000
P506;30.008992;37.169756;0.500000
P507;30.878613;37.663476;0.500000
P508;20.443163;31.738834;0.200000
P509;31.873779;38.318361;0.200000
P510;31.934837;38.423311;0.200000
P511;32.012950;38.516267;0.200000
P512;32.105814;38.594490;0.200000
P513;32.210691;38.655672;0.200000
P514;33.152355;38.319117;0.500000
P515;34.094019;37.982562;0.500000
P516;35.035683;37.646007;0.500000
P517;35.977346;37.309452;0.500000
P518;36.919010;36.972897;0.500000
P519;37.860674;36.636342;0.500000
P520;38.802338;36.299787;0.500000
P521;39.744002;35.963232;0.500000
P522;40.685666;35.626677;0.500000
P523;41.627329;35.290122;0.500000
P524;42.568993;34.953567;0.500000
P525;32.210691;38.655672;0.200000
P526;43.488711;34.839426;0.200000
P527;43.595463;34.750582;0.200000
P528;43.675947;34.630035;0.200000
P529;43.739453;34.499113;0.200000
P530;43.789479;34.373586;0.200000
P531;43.827234;34.267573;0.200000
P532;43.852803;33.157742;0.500000
P533;43.591595;32.192459;0.500000
P534;43.330388;31.227177;0.500000
P535;43.069181;30.261894;0.500000
P536;42.807974;29.296611;0.500000
P537;42.546767;28.331328;0.500000
P538;44.114010;34.123025;0.200000
P539;42.351814;27.201199;0.200000
P540;42.377981;27.029081;0.200000
P541;42.361300;26.855787;0.200000
P542;42.302783;26.691821;0.200000
P543;42.205977;26.547122;0.200000
P544;41.208593;26.474832;0.500000
P545;40.211210;26.402542;0.500000
P546;39.213826;26.330252;0.500000
P547;38.216442;26.257962;0.500000
P548;37.219059;26.185672;0.500000
P549;36.221675;26.113382;0.500000
P550;35.224291;26.041093;0.500000
P551;34.226908;25.968803;0.500000
P552;33.229524;25.896513;0.500000
P553;32.232140;25.824223;0.500000
P554;31.234757;25.751933;0.500000
P555;30.237373;25.679643;0.500000
P556;29.239989;25.607353;0.500000
P557;42.205977;26.547122;0.200000
P558;27.972050;25.440005;0.200000
P559;27.876683;25.373272;0.200000
P560;27.771660;25.323088;0.200000
P561;27.659828;25.290813;0.200000
P562;27.544216;25.277322;0.200000
P563;26.813637;25.960150;0.500000
P564;26.083058;26.642978;0.500000
P565;25.352478;27.325806;0.500000
P566;24.621899;28.008634;0.500000
P567;23.891320;28.691462;0.500000
P568;23.160741;29.374290;0.500000
P569;22.430162;30.057117;0.500000
P570;27.544216;25.277322;0.200000
P571;21.391332;30.825043;0.200000
P572;21.163827;30.957826;0.200000
P573;21.000708;31.164665;0.200000
P574;20.924614;31.416856;0.200000
P575;20.946105;31.679398;0.200000
P576;21.815726;32.173118;0.500000
P577;22.685347;32.666838;0.500000
P578;23.554968;33.160558;0.500000
P579;24.424588;33.654278;0.500000
P580;25.294209;34.147998;0.500000
P581;26.163830;34.641719;0.500000
P582;27.033451;35.135439;0.500000
P583;27.903072;35.629159;0.500000
P584;28.772693;36.122879;0.500000
P585;29.642313;36.616600;0.500000
P586;30.511934;37.110320;0.500000
P587;31.381555;37.604040;0.500000
P588;20.946105;31.679397;0.200000
P589;31.902307;37.989580;0.200000
P590;31.963366;38.094529;0.200000
P591;32.041478;38.187486;0.200000
P592;32.134342;38.265709;0.200000
P593;32.239220;38.326891;0.200000
P594;33.180883;37.990336;0.500000
P595;34.122547;37.653781;0.500000
P596;35.064211;37.317226;0.500000
P597;36.005875;36.980671;0.500000
P598;36.947539;36.644116;0.500000
P599;37.889202;36.307561;0.500000
P600;38.830866;35.971006;0.500000
P601;39.772530;35.634451;0.500000
P602;40.714194;35.297896;0.500000
P603;41.655858;34.961341;0.500000
P604;42.597521;34.624786;0.500000
P605;32.239220;38.326891;0.200000
P606;43.126722;34.650218;0.200000
P607;43.233474;34.561375;0.200000
P608;43.313959;34.440828;0.200000
P609;43.377465;34.309907;0.200000
P610;43.427492;34.184380;0.200000
P611;43.465248;34.078366;0.200000
P612;43.490813;32.968534;0.500000
P613;43.229606;32.003251;0.500000
P614;42.968398;31.037969;0.500000
P615;42.707191;30.072686;0.500000
P616;42.445984;29.107403;0.500000
P617;42.184777;28.142120;0.500000
P618;43.752020;33.933817;0.200000
P619;42.117828;27.485027;0.200000
P620;42.143995;27.312909;0.200000
P621;42.127315;27.139615;0.200000
P622;42.068798;26.975649;0.200000
P623;41.971992;26.830950;0.200000
P624;40.974608;26.758660;0.500000
P625;39.977224;26.686370;0.500000
P626;38.979841;26.614080;0.500000
P627;37.982457;26.541790;0.500000
P628;36.985073;26.469500;0.500000
P629;35.987690;26.397210;0.500000
P630;34.990306;26.324920;0.500000
P631;33.992922;26.252630;0.500000
P632;32.995539;26.180341;0.500000
P633;31.998155;26.108051;0.500000
P634;31.000771;26.035761;0.500000
P635;30.003388;25.963471;0.500000
P636;29.006004;25.891181;0.500000
P637;41.971992;26.830950;0.200000
P638;28.081120;25.748697;0.200000
P639;27.985753;25.681964;0.200000
P640;27.880730;25.631780;0.200000
P641;27.768898;25.599505;0.200000
P642;27.653286;25.586014;0.200000
P643;26.922706;26.268842;0.500000
P644;26.192127;26.951670;0.500000
P645;25.461548;27.634498;0.500000
P646;24.730969;28.317326;0.500000
P647;24.000390;29.000154;0.500000
P648;23.269810;29.682982;0.500000
P649;22.539231;30.365810;0.500000
P650;27.653286;25.586014;0.200000
P651;21.894274;30.765607;0.200000
P652;21.666769;30.898390;0.200000
P653;21.503650;31.105229;0.200000
P654;21.427557;31.357419;0.200000
P655;21.449048;31.619961;0.200000
P656;22.318668;32.113681;0.500000
P657;23.188289;32.607401;0.500000
P658;24.057910;33.101122;0.500000
P659;24.927531;33.594842;0.500000
P660;25.797152;34.088562;0.500000
P661;26.666772;34.582282;0.500000
P662;27.536393;35.076002;0.500000
P663;28.406014;35.569723;0.500000
P664;29.275635;36.063443;0.500000
P665;30.145256;36.557163;0.500000
P666;31.014876;37.050883;0.500000
P667;21.449048;31.619961;0.200000
P668;31.930836;37.660799;0.200000
P669;31.991894;37.765748;0.200000
P670;32.070007;37.858705;0.200000
P671;32.162871;37.936927;0.200000
P672;32.267748;37.998110;0.200000
P673;33.209412;37.661555;0.500000
P674;34.151076;37.325000;0.500000
P675;35.092739;36.988445;0.500000
P676;36.034403;36.651890;0.500000
P677;36.976067;36.315335;0.500000
P678;37.917731;35.978780;0.500000
P679;38.859395;35.642225;0.500000
P680;39.801058;35.305670;0.500000
P681;40.742722;34.969115;0.500000
P682;41.684386;34.632560;0.500000
P683;32.267748;37.998110;0.200000
P684;42.764735;34.461012;0.200000
P685;42.871488;34.372168;0.200000
P686;42.951973;34.251622;0.200000
P687;43.015479;34.120700;0.200000
P688;43.065501;33.995173;0.200000
P689;43.103259;33.889159;0.200000
P690;43.128823;32.779326;0.500000
P691;42.867616;31.814043;0.500000
P692;42.606409;30.848760;0.500000
P693;42.345201;29.883478;0.500000
P694;42.083994;28.918195;0.500000
P695;43.390030;33.744609;0.200000
P696;41.883843;27.768855;0.200000
P697;41.910010;27.596737;0.200000
P698;41.893329;27.423443;0.200000
P699;41.834812;27.259476;0.200000
P700;41.738006;27.114777;0.200000
P701;40.740622;27.042488;0.500000
P702;39.743239;26.970198;0.500000
P703;38.745855;26.897908;0.500000
P704;37.748471;26.825618;0.500000
P705;36.751088;26.753328;0.500000
P706;35.753704;26.681038;0.500000
P707;34.756320;26.608748;0.500000
P708;33.758937;26.536458;0.500000
P709;32.761553;26.464168;0.500000
P710;31.764169;26.391878;0.500000
P711;30.766786;26.319589;0.500000
P712;29.769402;26.247299;0.500000
P713;28.772018;26.175009;0.500000
P714;41.738006;27.114777;0.200000
P715;28.190189;26.057389;0.200000
P716;28.094822;25.990656;0.200000
P717;27.989800;25.940473;0.200000
P718;27.877967;25.908198;0.200000
P719;27.762355;25.894706;0.200000
P720;27.031776;26.577534;0.500000
P721;26.301197;27.260362;0.500000
P722;25.570618;27.943190;0.500000
P723;24.840039;28.626018;0.500000
P724;24.109459;29.308846;0.500000
P725;23.378880;29.991674;0.500000
P726;27.762355;25.894706;0.200000
P727;22.397217;30.706170;0.200000
P728;22.169711;30.838953;0.200000
P729;22.006593;31.045792;0.200000
P730;21.930499;31.297983;0.200000
P731;21.951990;31.560525;0.200000
P732;22.821611;32.054245;0.500000
P733;23.691231;32.547965;0.500000
P734;24.560852;33.041685;0.500000
P735;25.430473;33.535405;0.500000
P736;26.300094;34.029125;0.500000
P737;27.169715;34.522846;0.500000
P738;28.039336;35.016566;0.500000
P739;28.908956;35.510286;0.500000
P740;29.778577;36.004006;0.500000
P741;30.648198;36.497727;0.500000
P742;21.951990;31.560524;0.200000
P743;31.959364;37.332018;0.200000
P744;32.020422;37.436967;0.200000
P745;32.098535;37.529924;0.200000
P746;32.191399;37.608146;0.200000
P747;32.296276;37.669329;0.200000
P748;33.237940;37.332774;0.500000
P749;34.179604;36.996219;0.500000
P750;35.121268;36.659664;0.500000
P751;36.062932;36.323109;0.500000
P752;37.004595;35.986554;0.500000
P753;37.946259;35.649998;0.500000
P754;38.887923;35.313443;0.500000
P755;39.829587;34.976888;0.500000
P756;40.771251;34.640333;0.500000
P757;41.712914;34.303778;0.500000
P758;32.296276;37.669329;0.200000
P759;42.402743;34.271805;0.200000
P760;42.509495;34.182961;0.200000
P761;42.589979;34.062410;0.200000
P762;42.653485;33.931493;0.200000
P763;42.703511;33.805966;0.200000
P764;42.741267;33.699948;0.200000
P765;42.766833;32.590118;0.500000
P766;42.505626;31.624835;0.500000
P767;42.244419;30.659552;0.500000
P768;41.983212;29.694269;0.500000
P769;41.722004;28.728987;0.500000
P770;43.028040;33.555400;0.200000
P771;41.649857;28.052683;0.200000
P772;41.676024;27.880565;0.200000
P773;41.659344;27.707270;0.200000
P774;41.600827;27.543304;0.200000
P775;41.504021;27.398605;0.200000
P776;40.506637;27.326315;0.500000
P777;39.509253;27.254025;0.500000
P778;38.511870;27.181736;0.500000
P779;37.514486;27.109446;0.500000
P780;36.517102;27.037156;0.500000
P781;35.519719;26.964866;0.500000
P782;34.522335;26.892576;0.500000
P783;33.524951;26.820286;0.500000
P784;32.527568;26.747996;0.500000
P785;31.530184;26.675706;0.500000
P786;30.532800;26.603416;0.500000
P787;29.535417;26.531126;0.500000
P788;41.504021;27.398605;0.200000
P789;28.299259;26.366081;0.200000
P790;28.203892;26.299349;0.200000
P791;28.098869;26.249165;0.200000
P792;27.987037;26.216890;0.200000
P793;27.871425;26.203399;0.200000
P794;27.140846;26.886227;0.500000
P795;26.410267;27.569055;0.500000
P796;25.679687;28.251882;0.500000
P797;24.949108;28.934710;0.500000
P798;24.218529;29.617538;0.500000
P799;27.871425;26.203399;0.200000
P800;22.900159;30.646734;0.200000
P801;22.672654;30.779517;0.200000
P802;22.509535;30.986356;0.200000
P803;22.433441;31.238546;0.200000
P804;22.454932;31.501088;0.200000
P805;23.324553;31.994808;0.500000
P806;24.194174;32.488528;0.500000
P807;25.063795;32.982249;0.500000
P808;25.933415;33.475969;0.500000
P809;26.803036;33.969689;0.500000
P810;27.672657;34.463409;0.500000
P811;28.542278;34.957129;0.500000
P812;29.411899;35.450850;0.500000
P813;30.281519;35.944570;0.500000
P814;31.151140;36.438290;0.500000
P815;22.454932;31.501088;0.200000
P816;31.987892;37.003236;0.200000
P817;32.048951;37.108186;0.200000
P818;32.127063;37.201142;0.200000
P819;32.219928;37.279365;0.200000
P820;32.324805;37.340548;0.200000
P821;33.266468;37.003992;0.500000
P822;34.208132;36.667437;0.500000
P823;35.149796;36.330882;0.500000
P824;36.091460;35.994327;0.500000
P825;37.033124;35.657772;0.500000
P826;37.974787;35.321217;0.500000
P827;38.916451;34.984662;0.500000
P828;39.858115;34.648107;0.500000
P829;40.799779;34.311552;0.500000
P830;32.324805;37.340547;0.200000
P831;42.040755;34.082594;0.200000
P832;42.147508;33.993750;0.200000
P833;42.227992;33.873204;0.200000
P834;42.291498;33.742282;0.200000
P835;42.341520;33.616755;0.200000
P836;42.379279;33.510741;0.200000
P837;42.404843;32.400909;0.500000
P838;42.143636;31.435627;0.500000
P839;41.882429;30.470344;0.500000
P840;41.621222;29.505061;0.500000
P841;42.666051;33.366192;0.200000
P842;41.415872;28.336510;0.200000
P843;41.442039;28.164393;0.200000
P844;41.425358;27.991098;0.200000
P845;41.366841;27.827132;0.200000
P846;41.270035;27.682433;0.200000
P847;40.272651;27.610143;0.500000
P848;39.275268;27.537853;0.500000
P849;38.277884;27.465563;0.500000
P850;37.280500;27.393273;0.500000
P851;36.283117;27.320984;0.500000
P852;35.285733;27.248694;0.500000
P853;34.288349;27.176404;0.500000
P854;33.290966;27.104114;0.500000
P855;32.293582;27.031824;0.500000
P856;31.296198;26.959534;0.500000
P857;30.298815;26.887244;0.500000
P858;29.301431;26.814954;0.500000
P859;41.270035;27.682433;0.200000
P860;28.408329;26.674774;0.200000
P861;28.312962;26.608041;0.200000
P862;28.207939;26.557857;0.200000
P863;28.096107;26.525582;0.200000
P864;27.980495;26.512091;0.200000
P865;27.249916;27.194919;0.500000
P866;26.519336;27.877747;0.500000
P867;25.788757;28.560575;0.500000
P868;25.058178;29.243403;0.500000
P869;24.327599;29.926231;0.500000
P870;27.980495;26.512091;0.200000
P871;23.403101;30.587297;0.200000
P872;23.175596;30.720080;0.200000
P873;23.012477;30.926919;0.200000
P874;22.936383;31.179110;0.200000
P875;22.957874;31.441652;0.200000
P876;23.827495;31.935372;0.500000
P877;24.697116;32.429092;0.500000
P878;25.566737;32.922812;0.500000
P879;26.436358;33.416532;0.500000
P880;27.305979;33.910252;0.500000
P881;28.175599;34.403973;0.500000
P882;29.045220;34.897693;0.500000
P883;29.914841;35.391413;0.500000
P884;30.784462;35.885133;0.500000
P885;22.957874;31.441651;0.200000
P886;32.016421;36.674455;0.200000
P887;32.077479;36.779405;0.200000
P888;32.155592;36.872361;0.200000
P889;32.248456;36.950584;0.200000
P890;32.353333;37.011766;0.200000
P891;33.294997;36.675211;0.500000
P892;34.236661;36.338656;0.500000
P893;35.178324;36.002101;0.500000
P894;36.119988;35.665546;0.500000
P895;37.061652;35.328991;0.500000
P896;38.003316;34.992436;0.500000
P897;38.944980;34.655881;0.500000
P898;39.886643;34.319326;0.500000
P899;40.828307;33.982771;0.500000
P900;32.353333;37.011766;0.200000
P901;41.678762;33.893386;0.200000
P902;41.785514;33.804543;0.200000
P903;41.865999;33.683992;0.200000
P904;41.929504;33.553074;0.200000
P905;41.979530;33.427547;0.200000
P906;42.017285;33.321530;0.200000
P907;42.042853;32.211701;0.500000
P908;41.781646;31.246418;0.500000
P909;41.520439;30.281136;0.500000
P910;41.259232;29.315853;0.500000
P911;42.304061;33.176984;0.200000
P912;41.181886;28.620338;0.200000
P913;41.208053;28.448220;0.200000
P914;41.191373;28.274926;0.200000
P915;41.132856;28.110960;0.200000
P916;41.036050;27.966261;0.200000
P917;40.038666;27.893971;0.500000
P918;39.041282;27.821681;0.500000
P919;38.043899;27.749391;0.500000
P920;37.046515;27.677101;0.500000
P921;36.049131;27.604811;0.500000
P922;35.051748;27.532521;0.500000
P923;34.054364;27.460232;0.500000
P924;33.056980;27.387942;0.500000
P925;32.059597;27.315652;0.500000
P926;31.062213;27.243362;0.500000
P927;30.064829;27.171072;0.500000
P928;41.036050;27.966261;0.200000
P929;28.517398;26.983466;0.200000
P930;28.422031;26.916733;0.200000
P931;28.317009;26.866549;0.200000
P932;28.205176;26.834275;0.200000
P933;28.089565;26.820783;0.200000
P934;27.358985;27.503611;0.500000
P935;26.628406;28.186439;0.500000
P936;25.897827;28.869267;0.500000
P937;25.167248;29.552095;0.500000
P938;28.089564;26.820783;0.200000
P939;23.906044;30.527861;0.200000
P940;23.678538;30.660644;0.200000
P941;23.515420;30.867483;0.200000
P942;23.439326;31.119673;0.200000
P943;23.460817;31.382215;0.200000
P944;24.330438;31.875935;0.500000
P945;25.200058;32.369655;0.500000
P946;26.069679;32.863376;0.500000
P947;26.939300;33.357096;0.500000
P948;27.808921;33.850816;0.500000
P949;28.678542;34.344536;0.500000
P950;29.548162;34.838256;0.500000
P951;30.417783;35.331977;0.500000
P952;31.287404;35.825697;0.500000
P953;23.460817;31.382215;0.200000
P954;32.044949;36.345674;0.200000
P955;32.106007;36.450623;0.200000
P956;32.184120;36.543580;0.200000
P957;32.276984;36.621803;0.200000
P958;32.381861;36.682985;0.200000
P959;33.323525;36.346430;0.500000
P960;34.265189;36.009875;0.500000
P961;35.206853;35.673320;0.500000
P962;36.148517;35.336765;0.500000
P963;37.090180;35.000210;0.500000
P964;38.031844;34.663655;0.500000
P965;38.973508;34.327100;0.500000
P966;39.915172;33.990545;0.500000
P967;40.856836;33.653990;0.500000
P968;32.381861;36.682985;0.200000
P969;41.316773;33.704179;0.200000
P970;41.423525;33.615336;0.200000
P971;41.504010;33.494785;0.200000
P972;41.567516;33.363868;0.200000
P973;41.617543;33.238341;0.200000
P974;41.655298;33.132325;0.200000
P975;41.680864;32.022493;0.500000
P976;41.419656;31.057210;0.500000
P977;41.158449;30.091927;0.500000
P978;41.942071;32.987776;0.200000
P979;40.947901;28.904166;0.200000
P980;40.974068;28.732048;0.200000
P981;40.957387;28.558754;0.200000
P982;40.898870;28.394788;0.200000
P983;40.802064;28.250089;0.200000
P984;39.804680;28.177799;0.500000
P985;38.807297;28.105509;0.500000
P986;37.809913;28.033219;0.500000
P987;36.812529;27.960929;0.500000
P988;35.815146;27.888639;0.500000
P989;34.817762;27.816349;0.500000
P990;33.820378;27.744059;0.500000
P991;32.822995;27.671769;0.500000
P992;31.825611;27.599480;0.500000
P993;30.828228;27.527190;0.500000
P994;29.830844;27.454900;0.500000
P995;40.802064;28.250089;0.200000
P996;28.626468;27.292158;0.200000
P997;28.531101;27.225425;0.200000
P998;28.426079;27.175242;0.200000
P999;28.314246;27.142967;0.200000
P1000;28.198634;27.129475;0.200000
P1001;27.468055;27.812303;0.500000
P1002;26.737476;28.495131;0.500000
P1003;26.006897;29.177959;0.500000
P1004;25.276317;29.860787;0.500000
P1005;28.198634;27.129475;0.200000
P1006;24.408986;30.468424;0.200000
P1007;24.181481;30.601207;0.200000
P1008;24.018362;30.808046;0.200000
P1009;23.942268;31.060237;0.200000
P1010;23.963759;31.322779;0.200000
P1011;24.833380;31.816499;0.500000
P1012;25.703001;32.310219;0.500000
P1013;26.572622;32.803939;0.500000
P1014;27.442242;33.297659;0.500000
P1015;28.311863;33.791379;0.500000
P1016;29.181484;34.285100;0.500000
P1017;30.051105;34.778820;0.500000
P1018;30.920726;35.272540;0.500000
P1019;23.963759;31.322778;0.200000
P1020;32.073477;36.016893;0.200000
P1021;32.134536;36.121842;0.200000
P1022;32.212649;36.214799;0.200000
P1023;32.305513;36.293021;0.200000
P1024;32.410390;36.354204;0.200000
P1025;33.352054;36.017649;0.500000
P1026;34.293717;35.681094;0.500000
P1027;35.235381;35.344539;0.500000
P1028;36.177045;35.007984;0.500000
P1029;37.118709;34.671429;0.500000
P1030;38.060372;34.334874;0.500000
P1031;39.002036;33.998319;0.500000
P1032;39.943700;33.661764;0.500000
P1033;32.410390;36.354204;0.200000
P1034;40.954787;33.514969;0.200000
P1035;41.061539;33.426125;0.200000
P1036;41.142024;33.305579;0.200000
P1037;41.205529;33.174657;0.200000
P1038;41.255551;33.049132;0.200000
P1039;41.293310;32.943114;0.200000
P1040;41.318874;31.833285;0.500000
P1041;41.057667;30.868002;0.500000
P1042;40.796459;29.902719;0.500000
P1043;41.580081;32.798567;0.200000
P1044;40.713915;29.187994;0.200000
P1045;40.740082;29.015876;0.200000
P1046;40.723402;28.842582;0.200000
P1047;40.664885;28.678615;0.200000
P1048;40.568079;28.533916;0.200000
P1049;39.570695;28.461627;0.500000
P1050;38.573311;28.389337;0.500000
P1051;37.575928;28.317047;0.500000
P1052;36.578544;28.244757;0.500000
P1053;35.581160;28.172467;0.500000
P1054;34.583777;28.100177;0.500000
P1055;33.586393;28.027887;0.500000
P1056;32.589009;27.955597;0.500000
P1057;31.591626;27.883307;0.500000
P1058;30.594242;27.811017;0.500000
P1059;29.596858;27.738728;0.500000
P1060;40.568079;28.533916;0.200000
P1061;28.735538;27.600851;0.200000
P1062;28.640171;27.534118;0.200000
P1063;28.535148;27.483934;0.200000
P1064;28.423316;27.451659;0.200000
P1065;28.307704;27.438168;0.200000
P1066;27.577125;28.120996;0.500000
P1067;26.846545;28.803824;0.500000
P1068;26.115966;29.486652;0.500000
P1069;28.307704;27.438168;0.200000
P1070;24.911928;30.408988;0.200000
P1071;24.684423;30.541771;0.200000
P1072;24.521304;30.748610;0.200000
P1073;24.445210;31.000800;0.200000
P1074;24.466701;31.263342;0.200000
P1075;25.336322;31.757062;0.500000
P1076;26.205943;32.250782;0.500000
P1077;27.075564;32.744503;0.500000
P1078;27.945185;33.238223;0.500000
P1079;28.814805;33.731943;0.500000
P1080;29.684426;34.225663;0.500000
P1081;30.554047;34.719383;0.500000
P1082;31.423668;35.213104;0.500000
P1083;24.466701;31.263342;0.200000
P1084;32.102006;35.688112;0.200000
P1085;32.163064;35.793061;0.200000
P1086;32.241177;35.886018;0.200000
P1087;32.334041;35.964240;0.200000
P1088;32.438918;36.025423;0.200000
P1089;33.380582;35.688868;0.500000
P1090;34.322246;35.352313;0.500000
P1091;35.263909;35.015758;0.500000
P1092;36.205573;34.679202;0.500000
P1093;37.147237;34.342647;0.500000
P1094;38.088901;34.006092;0.500000
P1095;39.030565;33.669537;0.500000
P1096;39.972228;33.332982;0.500000
P1097;32.438918;36.025423;0.200000
P1098;40.592793;33.325761;0.200000
P1099;40.699545;33.236918;0.200000
P1100;40.780030;33.116369;0.200000
P1101;40.843536;32.985450;0.200000
P1102;40.893562;32.859924;0.200000
P1103;40.931318;32.753907;0.200000
P1104;40.956884;31.644077;0.500000
P1105;40.695677;30.678794;0.500000
P1106;41.218091;32.609359;0.200000
P1107;40.479930;29.471822;0.200000
P1108;40.506097;29.299704;0.200000
P1109;40.489416;29.126409;0.200000
P1110;40.430899;28.962443;0.200000
P1111;40.334093;28.817744;0.200000
P1112;39.336710;28.745454;0.500000
P1113;38.339326;28.673164;0.500000
P1114;37.341942;28.600875;0.500000
P1115;36.344559;28.528585;0.500000
P1116;35.347175;28.456295;0.500000
P1117;34.349791;28.384005;0.500000
P1118;33.352408;28.311715;0.500000
P1119;32.355024;28.239425;0.500000
P1120;31.357640;28.167135;0.500000
P1121;30.360257;28.094845;0.500000
P1122;40.334093;28.817744;0.200000
P1123;28.844607;27.909543;0.200000
P1124;28.749240;27.842810;0.200000
P1125;28.644218;27.792626;0.200000
P1126;28.532386;27.760351;0.200000
P1127;28.416774;27.746860;0.200000
P1128;27.686194;28.429688;0.500000
P1129;26.955615;29.112516;0.500000
P1130;26.225036;29.795344;0.500000
P1131;28.416774;27.746860;0.200000
P1132;25.414871;30.349551;0.200000
P1133;25.187365;30.482334;0.200000
P1134;25.024247;30.689173;0.200000
P1135;24.948153;30.941364;0.200000
P1136;24.969644;31.203906;0.200000
P1137;25.839265;31.697626;0.500000
P1138;26.708885;32.191346;0.500000
P1139;27.578506;32.685066;0.500000
P1140;28.448127;33.178786;0.500000
P1141;29.317748;33.672506;0.500000
P1142;30.187369;34.166227;0.500000
P1143;31.056989;34.659947;0.500000
P1144;24.969644;31.203905;0.200000
P1145;32.130534;35.359330;0.200000
P1146;32.191592;35.464280;0.200000
P1147;32.269705;35.557236;0.200000
P1148;32.362569;35.635459;0.200000
P1149;32.467446;35.696641;0.200000
P1150;33.409110;35.360086;0.500000
P1151;34.350774;35.023531;0.500000
P1152;35.292438;34.686976;0.500000
P1153;36.234102;34.350421;0.500000
P1154;37.175765;34.013866;0.500000
P1155;38.117429;33.677311;0.500000
P1156;39.059093;33.340756;0.500000
P1157;32.467446;35.696641;0.200000
P1158;40.230806;33.136555;0.200000
P1159;40.337558;33.047711;0.200000
P1160;40.418043;32.927163;0.200000
P1161;40.481549;32.796243;0.200000
P1162;40.531571;32.670716;0.200000
P1163;40.569330;32.564700;0.200000
P1164;40.594894;31.454868;0.500000
P1165;40.333687;30.489586;0.500000
P1166;40.856101;32.420151;0.200000
P1167;40.245944;29.755649;0.200000
P1168;40.272111;29.583532;0.200000
P1169;40.255431;29.410237;0.200000
P1170;40.196914;29.246271;0.200000
P1171;40.100108;29.101572;0.200000
P1172;39.102724;29.029282;0.500000
P1173;38.105340;28.956992;0.500000
P1174;37.107957;28.884702;0.500000
P1175;36.110573;28.812412;0.500000
P1176;35.113189;28.740123;0.500000
P1177;34.115806;28.667833;0.500000
P1178;33.118422;28.595543;0.500000
P1179;32.121038;28.523253;0.500000
P1180;31.123655;28.450963;0.500000
P1181;30.126271;28.378673;0.500000
P1182;40.100108;29.101572;0.200000
P1183;28.953677;28.218235;0.200000
P1184;28.858310;28.151502;0.200000
P1185;28.753288;28.101318;0.200000
P1186;28.641455;28.069044;0.200000
P1187;28.525843;28.055552;0.200000
P1188;27.795264;28.738380;0.500000
P1189;27.064685;29.421208;0.500000
P1190;28.525843;28.055552;0.200000
P1191;25.917813;30.408988;0.200000
P1192;25.690307;30.541771;0.200000
P1193;25.527189;30.748610;0.200000
P1194;25.451095;31.000800;0.200000
P1195;25.472586;31.263342;0.200000
P1196;26.342207;31.757062;0.500000
P1197;27.211828;32.250782;0.500000
P1198;28.081448;32.744503;0.500000
P1199;28.951069;33.238223;0.500000
P1200;29.820690;33.731943;0.500000
P1201;30.690311;34.225663;0.500000
P1202;31.559932;34.719383;0.500000
P1203;25.472586;31.263342;0.200000
P1204;32.159062;35.030549;0.200000
P1205;32.220121;35.135499;0.200000
P1206;32.298234;35.228455;0.200000
P1207;32.391098;35.306678;0.200000
P1208;32.495975;35.367860;0.200000
P1209;33.437639;35.031305;0.500000
P1210;34.379302;34.694750;0.500000
P1211;35.320966;34.358195;0.500000
P1212;36.262630;34.021640;0.500000
P1213;37.204294;33.685085;0.500000
P1214;38.145958;33.348530;0.500000
P1215;39.087621;33.011975;0.500000
P1216;32.495975;35.367860;0.200000
P1217;39.868813;32.947346;0.200000
P1218;39.975565;32.858502;0.200000
P1219;40.056049;32.737953;0.200000
P1220;40.119555;32.607033;0.200000
P1221;40.169581;32.481506;0.200000
P1222;40.207336;32.375491;0.200000
P1223;40.232904;31.265660;0.500000
P1224;40.494111;32.230943;0.200000
P1225;40.011959;30.039477;0.200000
P1226;40.038126;29.867359;0.200000
P1227;40.021445;29.694065;0.200000
P1228;39.962928;29.530099;0.200000
P1229;39.866122;29.385400;0.200000
P1230;38.868739;29.313110;0.500000
P1231;37.871355;29.240820;0.500000
P1232;36.873971;29.168530;0.500000
P1233;35.876588;29.096240;0.500000
P1234;34.879204;29.023950;0.500000
P1235;33.881820;28.951660;0.500000
P1236;32.884437;28.879371;0.500000
P1237;31.887053;28.807081;0.500000
P1238;30.889669;28.734791;0.500000
P1239;29.892286;28.662501;0.500000
P1240;39.866122;29.385400;0.200000
P1241;29.070374;28.525778;0.200000
P1242;28.972193;28.457980;0.200000
P1243;28.864010;28.407656;0.200000
P1244;28.748907;28.376237;0.200000
P1245;28.630159;28.364618;0.200000
P1246;27.913875;29.062428;0.500000
P1247;27.197592;29.760237;0.500000
P1248;28.630159;28.364618;0.200000
P1249;26.397639;30.333176;0.200000
P1250;26.173593;30.469449;0.200000
P1251;26.014616;30.677999;0.200000
P1252;25.942572;30.930143;0.200000
P1253;25.967369;31.191202;0.200000
P1254;26.842936;31.674299;0.500000
P1255;27.718503;32.157396;0.500000
P1256;28.594070;32.640493;0.500000
P1257;29.469636;33.123590;0.500000
P1258;30.345203;33.606687;0.500000
P1259;31.220770;34.089784;0.500000
P1260;25.967369;31.191202;0.200000
P1261;32.185027;34.709959;0.200000
P1262;32.246102;34.812909;0.200000
P1263;32.323667;34.904082;0.200000
P1264;32.415501;34.980865;0.200000
P1265;32.518969;35.041057;0.200000
P1266;33.460633;34.704502;0.500000
P1267;34.402297;34.367947;0.500000
P1268;35.343961;34.031392;0.500000
P1269;36.285625;33.694837;0.500000
P1270;37.227288;33.358282;0.500000
P1271;38.168952;33.021726;0.500000
P1272;32.518969;35.041057;0.200000
P1273;39.506824;32.758136;0.200000
P1274;39.613576;32.669294;0.200000
P1275;39.694061;32.548744;0.200000
P1276;39.757567;32.417825;0.200000
P1277;39.807593;32.292299;0.200000
P1278;39.845349;32.186282;0.200000
P1279;39.870914;31.076452;0.500000
P1280;40.132122;32.041735;0.200000
P1281;39.777973;30.323305;0.200000
P1282;39.804140;30.151187;0.200000
P1283;39.787460;29.977893;0.200000
P1284;39.728943;29.813927;0.200000
P1285;39.632137;29.669228;0.200000
P1286;38.634753;29.596938;0.500000
P1287;37.637369;29.524648;0.500000
P1288;36.639986;29.452358;0.500000
P1289;35.642602;29.380068;0.500000
P1290;34.645218;29.307778;0.500000
P1291;33.647835;29.235488;0.500000
P1292;32.650451;29.163198;0.500000
P1293;31.653067;29.090908;0.500000
P1294;30.655684;29.018619;0.500000
P1295;39.632137;29.669228;0.200000
P1296;29.183151;28.834739;0.200000
P1297;29.084969;28.766941;0.200000
P1298;28.976787;28.716617;0.200000
P1299;28.861683;28.685198;0.200000
P1300;28.742935;28.673579;0.200000
P1301;28.026652;29.371389;0.500000
P1302;28.742935;28.673579;0.200000
P1303;26.896644;30.400483;0.200000
P1304;26.672599;30.536756;0.200000
P1305;26.513622;30.745306;0.200000
P1306;26.441578;30.997450;0.200000
P1307;26.466375;31.258509;0.200000
P1308;27.341942;31.741606;0.500000
P1309;28.217509;32.224703;0.500000
P1310;29.093075;32.707800;0.500000
P1311;29.968642;33.190897;0.500000
P1312;30.844209;33.673994;0.500000
P1313;26.466375;31.258509;0.200000
P1314;32.211480;34.381920;0.200000
P1315;32.272555;34.484870;0.200000
P1316;32.350121;34.576042;0.200000
P1317;32.441954;34.652825;0.200000
P1318;32.545423;34.713017;0.200000
P1319;33.487086;34.376462;0.500000
P1320;34.428750;34.039907;0.500000
P1321;35.370414;33.703352;0.500000
P1322;36.312078;33.366797;0.500000
P1323;37.253742;33.030242;0.500000
P1324;38.195405;32.693687;0.500000
P1325;32.545423;34.713017;0.200000
P1326;39.144837;32.568930;0.200000
P1327;39.251590;32.480086;0.200000
P1328;39.332075;32.359538;0.200000
P1329;39.395580;32.228618;0.200000
P1330;39.445602;32.103091;0.200000
P1331;39.483361;31.997075;0.200000
P1332;39.770132;31.852526;0.200000
P1333;39.543988;30.607133;0.200000
P1334;39.570155;30.435015;0.200000
P1335;39.553474;30.261721;0.200000
P1336;39.494957;30.097754;0.200000
P1337;39.398151;29.953055;0.200000
P1338;38.400768;29.880766;0.500000
P1339;37.403384;29.808476;0.500000
P1340;36.406000;29.736186;0.500000
P1341;35.408617;29.663896;0.500000
P1342;34.411233;29.591606;0.500000
P1343;33.413849;29.519316;0.500000
P1344;32.416466;29.447026;0.500000
P1345;31.419082;29.374736;0.500000
P1346;30.421698;29.302446;0.500000
P1347;39.398151;29.953055;0.200000
P1348;29.307140;29.142061;0.200000
P1349;29.204849;29.072778;0.200000
P1350;29.092059;29.022356;0.200000
P1351;28.972216;28.992336;0.200000
P1352;28.848976;28.983632;0.200000
P1353;28.153970;29.702636;0.500000
P1354;28.848976;28.983632;0.200000
P1355;27.360876;30.311557;0.200000
P1356;27.142061;30.452519;0.200000
P1357;26.989073;30.663103;0.200000
P1358;26.922642;30.914772;0.200000
P1359;26.951770;31.173427;0.200000
P1360;27.834974;31.642418;0.500000
P1361;28.718177;32.111408;0.500000
P1362;29.601380;32.580399;0.500000
P1363;30.484583;33.049390;0.500000
P1364;31.367786;33.518381;0.500000
P1365;26.951770;31.173427;0.200000
P1366;32.234693;34.064612;0.200000
P1367;32.295745;34.164939;0.200000
P1368;32.372561;34.253776;0.200000
P1369;32.463021;34.328675;0.200000
P1370;32.564631;34.387567;0.200000
P1371;33.506295;34.051012;0.500000
P1372;34.447958;33.714457;0.500000
P1373;35.389622;33.377902;0.500000
P1374;36.331286;33.041347;0.500000
P1375;37.272950;32.704792;0.500000
P1376;38.214613;32.368237;0.500000
P1377;32.564631;34.387567;0.200000
P1378;38.782844;32.379720;0.200000
P1379;38.889596;32.290878;0.200000
P1380;38.970081;32.170328;0.200000
P1381;39.033587;32.039409;0.200000
P1382;39.083613;31.913883;0.200000
P1383;39.121369;31.807866;0.200000
P1384;39.408142;31.663318;0.200000
P1385;39.310002;30.890961;0.200000
P1386;39.336169;30.718843;0.200000
P1387;39.319489;30.545548;0.200000
P1388;39.260972;30.381582;0.200000
P1389;39.164166;30.236883;0.200000
P1390;38.166782;30.164593;0.500000
P1391;37.169398;30.092303;0.500000
P1392;36.172015;30.020014;0.500000
P1393;35.174631;29.947724;0.500000
P1394;34.177247;29.875434;0.500000
P1395;33.179864;29.803144;0.500000
P1396;32.182480;29.730854;0.500000
P1397;31.185097;29.658564;0.500000
P1398;30.187713;29.586274;0.500000
P1399;39.164166;30.236883;0.200000
P1400;29.425354;29.451416;0.200000
P1401;29.323062;29.382133;0.200000
P1402;29.210273;29.331711;0.200000
P1403;29.090430;29.301691;0.200000
P1404;28.967190;29.292988;0.200000
P1405;28.967190;29.292988;0.200000
P1406;27.853565;30.389606;0.200000
P1407;27.634749;30.530569;0.200000
P1408;27.481761;30.741152;0.200000
P1409;27.415331;30.992822;0.200000
P1410;27.444459;31.251476;0.200000
P1411;28.327662;31.720467;0.500000
P1412;29.210865;32.189458;0.500000
P1413;30.094068;32.658449;0.500000
P1414;30.977271;33.127440;0.500000
P1415;27.444459;31.251476;0.200000
P1416;32.258429;33.737543;0.200000
P1417;32.319481;33.837870;0.200000
P1418;32.396297;33.926708;0.200000
P1419;32.486758;34.001606;0.200000
P1420;32.588367;34.060499;0.200000
P1421;33.530031;33.723944;0.500000
P1422;34.471695;33.387389;0.500000
P1423;35.413358;33.050833;0.500000
P1424;36.355022;32.714278;0.500000
P1425;37.296686;32.377723;0.500000
P1426;32.588367;34.060499;0.200000
P1427;38.520041;32.278386;0.200000
P1428;38.625707;32.188657;0.200000
P1429;38.665615;32.074757;0.200000
P1430;38.672450;31.957348;0.200000
P1431;38.662157;31.848275;0.200000
P1432;38.642743;31.758512;0.200000
P1433;38.585500;31.653650;0.200000
P1434;38.555494;31.050899;0.200000
P1435;38.585835;30.873454;0.200000
P1436;38.570384;30.694098;0.200000
P1437;38.510145;30.524455;0.200000
P1438;38.409020;30.375522;0.200000
P1439;37.410896;30.314293;0.500000
P1440;36.412772;30.253063;0.500000
P1441;35.414648;30.191833;0.500000
P1442;34.416525;30.130603;0.500000
P1443;33.418401;30.069374;0.500000
P1444;32.420277;30.008144;0.500000
P1445;31.422154;29.946914;0.500000
P1446;30.424030;29.885685;0.500000
P1447;38.409020;30.375522;0.200000
P1448;29.560710;29.750176;0.200000
P1449;29.452501;29.680345;0.200000
P1450;29.333422;29.631297;0.200000
P1451;29.207422;29.604661;0.200000
P1452;29.078681;29.601320;0.200000
P1453;29.078681;29.601320;0.200000
P1454;28.288041;30.281818;0.200000
P1455;28.078072;30.429427;0.200000
P1456;27.934623;30.642261;0.200000
P1457;27.876595;30.892278;0.200000
P1458;27.911632;31.146537;0.200000
P1459;28.805022;31.595819;0.500000
P1460;29.698412;32.045101;0.500000
P1461;30.591802;32.494382;0.500000
P1462;31.485192;32.943664;0.500000
P1463;27.911632;31.146537;0.200000
P1464;32.277939;33.425202;0.200000
P1465;32.338875;33.521923;0.200000
P1466;32.414600;33.607561;0.200000
P1467;32.503135;33.679877;0.200000
P1468;32.602166;33.736982;0.200000
P1469;33.543830;33.400427;0.500000
P1470;34.485494;33.063872;0.500000
P1471;35.427158;32.727317;0.500000
P1472;36.368821;32.390761;0.500000
P1473;32.602166;33.736982;0.200000
P1474;37.704995;32.250945;0.200000
P1475;37.812403;32.163454;0.200000
P1476;37.853979;32.051404;0.200000
P1477;37.862229;31.935746;0.200000
P1478;37.853045;31.828287;0.200000
P1479;37.834267;31.739901;0.200000
P1480;37.768166;31.638944;0.200000
P1481;37.797604;31.232327;0.200000
P1482;37.831455;31.050323;0.200000
P1483;37.816907;30.865771;0.200000
P1484;37.754956;30.691320;0.200000
P1485;37.649849;30.538927;0.200000
P1486;36.651115;30.488617;0.500000
P1487;35.652381;30.438307;0.500000
P1488;34.653648;30.387997;0.500000
P1489;33.654914;30.337688;0.500000
P1490;32.656180;30.287378;0.500000
P1491;31.657447;30.237068;0.500000
P1492;37.649849;30.538927;0.200000
P1493;30.204988;30.078544;0.200000
P1494;30.090996;30.008433;0.200000
P1495;29.965835;29.961055;0.200000
P1496;29.833989;29.938107;0.200000
P1497;29.700181;29.940412;0.200000
P1498;29.700181;29.940412;0.200000
P1499;29.148909;30.402404;0.200000
P1500;28.949078;30.552891;0.200000
P1501;28.814152;30.763542;0.200000
P1502;28.761017;31.007992;0.200000
P1503;28.796324;31.255646;0.200000
P1504;29.689715;31.704927;0.500000
P1505;30.583105;32.154209;0.500000
P1506;31.476495;32.603491;0.500000
P1507;28.796324;31.255646;0.200000
P1508;32.297949;33.099466;0.200000
P1509;32.358885;33.196186;0.200000
P1510;32.434610;33.281824;0.200000
P1511;32.523145;33.354140;0.200000
P1512;32.622176;33.411245;0.200000
P1513;33.563840;33.074690;0.500000
P1514;34.505504;32.738135;0.500000
P1515;35.447167;32.401580;0.500000
P1516;36.388831;32.065025;0.500000
P1517;32.622176;33.411245;0.200000
P1518;36.894394;32.221965;0.200000
P1519;37.003202;32.136280;0.200000
P1520;37.046098;32.025732;0.200000
P1521;37.055445;31.911493;0.200000
P1522;37.047112;31.805349;0.200000
P1523;37.028798;31.718089;0.200000
P1524;36.955262;31.620128;0.200000
P1525;37.037206;31.435531;0.200000
P1526;37.073944;31.249602;0.200000
P1527;37.059978;31.060594;0.200000
P1528;36.996312;30.882084;0.200000
P1529;36.887518;30.726897;0.200000
P1530;35.888301;30.687353;0.500000
P1531;34.889083;30.647810;0.500000
P1532;33.889865;30.608266;0.500000
P1533;32.890647;30.568722;0.500000
P1534;31.891429;30.529178;0.500000
P1535;36.887518;30.726897;0.200000
P1536;30.862460;30.399785;0.200000
P1537;30.741682;30.329362;0.200000
P1538;30.609409;30.284079;0.200000
P1539;30.470813;30.265705;0.200000
P1540;30.331310;30.274960;0.200000
P1541;30.331310;30.274960;0.200000
P1542;29.987647;30.515934;0.200000
P1543;29.799321;30.669086;0.200000
P1544;29.673887;30.876905;0.200000
P1545;29.626125;31.114899;0.200000
P1546;29.661665;31.355022;0.200000
P1547;30.555055;31.804303;0.500000
P1548;31.448445;32.253585;0.500000
P1549;29.661665;31.355022;0.200000
P1550;32.317959;32.773729;0.200000
P1551;32.378895;32.870450;0.200000
P1552;32.454620;32.956087;0.200000
P1553;32.543155;33.028403;0.200000
P1554;32.642186;33.085508;0.200000
P1555;33.583850;32.748953;0.500000
P1556;34.525514;32.412398;0.500000
P1557;35.467177;32.075843;0.500000
P1558;32.642186;33.085508;0.200000
P1559;36.632424;30.786768;0.500000
P1560;35.298470;30.786768;0.500000
P1561;33.964516;30.786768;0.500000
P1562;32.630561;30.786768;0.500000
P1563;31.296607;30.786768;0.500000
P1564;29.962653;30.786768;0.500000
P1565;29.815707;30.834514;0.200000
P1566;29.724889;30.959514;0.200000
P1567;29.724889;31.114023;0.200000
P1568;29.815707;31.239023;0.200000
P1569;29.962653;31.286768;0.200000
P1570;31.696607;31.286768;0.500000
P1571;32.930561;31.286768;0.500000
P1572;34.164516;31.286768;0.500000
P1573;35.398470;31.286768;0.500000
P1574;36.632424;31.286768;0.500000
P1575;36.779370;31.334514;0.200000
P1576;36.870188;31.459514;0.200000
P1577;36.870188;31.614023;0.200000
P1578;36.779370;31.739023;0.200000
P1579;36.632424;31.786768;0.200000
P1580;34.898470;31.786768;0.500000
P1581;33.664516;31.786768;0.500000
P1582;32.430561;31.786768;0.500000
P1583;31.196607;31.786768;0.500000
P1584;29.962653;31.786768;0.500000
P1585;29.815707;31.834514;0.200000
P1586;29.724889;31.959514;0.200000
P1587;29.724889;32.114023;0.200000
P1588;29.815707;32.239023;0.200000
P1589;29.962653;32.286768;0.200000
P1590;31.696607;32.286768;0.500000
P1591;32.930561;32.286768;0.500000
P1592;34.164516;32.286768;0.500000
P1593;35.398470;32.286768;0.500000
P1594;36.632424;32.286768;0.500000
P1595;36.779370;32.334514;0.200000
P1596;36.870188;32.459514;0.200000
P1597;36.870188;32.614023;0.200000
P1598;36.779370;32.739023;0.200000
P1599;36.632424;32.786768;0.200000
P1600;34.898470;32.786768;0.500000
P1601;33.664516;32.786768;0.500000
P1602;32.430561;32.786768;0.500000
P1603;31.196607;32.786768;0.500000
P1604;29.962653;32.786768;0.500000
